Region,St_Ele,St_ID,St_Lat,St_Lon,St_Name,date,region_id,ERA5
Mazandaran,1805.0,99361,36.07,52.84,Alasht,1980-01-01,MASA,69.6623547496138
Mazandaran,23.7,99309,36.48,52.47,Amol,1980-01-01,MASA,124.00358156579117
Mazandaran,-21.0,40736,36.7,52.64,Babolsar,1980-01-01,MASA,80.76775805371383
Mazandaran,2120.0,99357,36.2,51.8,Baladeh,1980-01-01,MASA,78.33889858143905
Mazandaran,-20.0,99306,36.86,53.39,Bandar-E-Amirabad,1980-01-01,MASA,68.37198869603256
Mazandaran,-10.0,99299,36.74,53.84,Galugah,1980-01-01,MASA,81.27466575520614
Mazandaran,14.7,40737,36.49,52.11,Gharakhil,1980-01-01,MASA,154.4527782620726
Mazandaran,1294.3,40760,36.25,53.55,Kiyasar,1980-01-01,MASA,72.04116122143844
Mazandaran,1550.0,99348,36.39,51.73,Kojur,1980-01-01,MASA,91.93085865395645
Mazandaran,-20.9,40734,36.66,51.47,Nowshahr,1980-01-01,MASA,223.71719018834213
Mazandaran,610.0,99360,36.1,53.06,Polsefid,1980-01-01,MASA,71.5636535109816
Mazandaran,-20.0,40732,36.9,50.68,Ramsar,1980-01-01,MASA,282.24638835805035
Mazandaran,23.0,40759,36.54,53.0,Sari,1980-01-01,MASA,95.66689268963913
Mazandaran,16.7,40788,36.64,53.2,Sari (Dasht-E-Naz Airport),1980-01-01,MASA,84.41311852353195
Mazandaran,1855.4,40735,36.23,51.3,Siahbisheh,1980-01-01,MASA,108.11316208260635
Mazandaran,1805.0,99361,36.07,52.84,Alasht,1980-02-01,MASA,77.21189710362708
Mazandaran,23.7,99309,36.48,52.47,Amol,1980-02-01,MASA,89.2762348340348
Mazandaran,-21.0,40736,36.7,52.64,Babolsar,1980-02-01,MASA,61.75472888215339
Mazandaran,2120.0,99357,36.2,51.8,Baladeh,1980-02-01,MASA,64.46338745816504
Mazandaran,-20.0,99306,36.86,53.39,Bandar-E-Amirabad,1980-02-01,MASA,81.91838416322028
Mazandaran,-10.0,99299,36.74,53.84,Galugah,1980-02-01,MASA,87.59687396748816
Mazandaran,14.7,40737,36.49,52.11,Gharakhil,1980-02-01,MASA,97.58033904298102
Mazandaran,1294.3,40760,36.25,53.55,Kiyasar,1980-02-01,MASA,89.15769609673774
Mazandaran,1550.0,99348,36.39,51.73,Kojur,1980-02-01,MASA,61.611230699856634
Mazandaran,-20.9,40734,36.66,51.47,Nowshahr,1980-02-01,MASA,139.650549022992
Mazandaran,610.0,99360,36.1,53.06,Polsefid,1980-02-01,MASA,79.70520409806525
Mazandaran,-20.0,40732,36.9,50.68,Ramsar,1980-02-01,MASA,162.29068788750922
Mazandaran,23.0,40759,36.54,53.0,Sari,1980-02-01,MASA,84.3994573043183
Mazandaran,16.7,40788,36.64,53.2,Sari (Dasht-E-Naz Airport),1980-02-01,MASA,80.39137276871955
Mazandaran,1855.4,40735,36.23,51.3,Siahbisheh,1980-02-01,MASA,82.06599506600654
Mazandaran,1805.0,99361,36.07,52.84,Alasht,1980-03-01,MASA,62.90336674309316
Mazandaran,23.7,99309,36.48,52.47,Amol,1980-03-01,MASA,106.94596892452779
Mazandaran,-21.0,40736,36.7,52.64,Babolsar,1980-03-01,MASA,62.68780654526296
Mazandaran,2120.0,99357,36.2,51.8,Baladeh,1980-03-01,MASA,65.33526605225148
Mazandaran,-20.0,99306,36.86,53.39,Bandar-E-Amirabad,1980-03-01,MASA,70.76499587154927
Mazandaran,-10.0,99299,36.74,53.84,Galugah,1980-03-01,MASA,87.61300867653432
Mazandaran,14.7,40737,36.49,52.11,Gharakhil,1980-03-01,MASA,108.72795408821645
Mazandaran,1294.3,40760,36.25,53.55,Kiyasar,1980-03-01,MASA,70.59401994801107
Mazandaran,1550.0,99348,36.39,51.73,Kojur,1980-03-01,MASA,56.89664906120839
Mazandaran,-20.9,40734,36.66,51.47,Nowshahr,1980-03-01,MASA,146.4334798440987
Mazandaran,610.0,99360,36.1,53.06,Polsefid,1980-03-01,MASA,59.3058240995461
Mazandaran,-20.0,40732,36.9,50.68,Ramsar,1980-03-01,MASA,151.58062404251638
Mazandaran,23.0,40759,36.54,53.0,Sari,1980-03-01,MASA,90.10928100205007
Mazandaran,16.7,40788,36.64,53.2,Sari (Dasht-E-Naz Airport),1980-03-01,MASA,77.54429405785146
Mazandaran,1855.4,40735,36.23,51.3,Siahbisheh,1980-03-01,MASA,104.76789599514547
Mazandaran,1805.0,99361,36.07,52.84,Alasht,1980-04-01,MASA,118.35814530070365
Mazandaran,23.7,99309,36.48,52.47,Amol,1980-04-01,MASA,62.331016008215556
Mazandaran,-21.0,40736,36.7,52.64,Babolsar,1980-04-01,MASA,18.439228479223857
Mazandaran,2120.0,99357,36.2,51.8,Baladeh,1980-04-01,MASA,93.5133200329119
Mazandaran,-20.0,99306,36.86,53.39,Bandar-E-Amirabad,1980-04-01,MASA,32.4156832140261
Mazandaran,-10.0,99299,36.74,53.84,Galugah,1980-04-01,MASA,63.69561964686454
Mazandaran,14.7,40737,36.49,52.11,Gharakhil,1980-04-01,MASA,143.98148173506797
Mazandaran,1294.3,40760,36.25,53.55,Kiyasar,1980-04-01,MASA,54.71875781233848
Mazandaran,1550.0,99348,36.39,51.73,Kojur,1980-04-01,MASA,127.30152422602714
Mazandaran,-20.9,40734,36.66,51.47,Nowshahr,1980-04-01,MASA,57.41196388419212
Mazandaran,610.0,99360,36.1,53.06,Polsefid,1980-04-01,MASA,100.87155813391746
Mazandaran,-20.0,40732,36.9,50.68,Ramsar,1980-04-01,MASA,84.18146783526481
Mazandaran,23.0,40759,36.54,53.0,Sari,1980-04-01,MASA,43.0866729658419
Mazandaran,16.7,40788,36.64,53.2,Sari (Dasht-E-Naz Airport),1980-04-01,MASA,37.846962754088054
Mazandaran,1855.4,40735,36.23,51.3,Siahbisheh,1980-04-01,MASA,84.67906231101097
Mazandaran,1805.0,99361,36.07,52.84,Alasht,1980-05-01,MASA,143.8685936634556
Mazandaran,23.7,99309,36.48,52.47,Amol,1980-05-01,MASA,89.20916745114482
Mazandaran,-21.0,40736,36.7,52.64,Babolsar,1980-05-01,MASA,23.086173624278672
Mazandaran,2120.0,99357,36.2,51.8,Baladeh,1980-05-01,MASA,119.78187987256206
Mazandaran,-20.0,99306,36.86,53.39,Bandar-E-Amirabad,1980-05-01,MASA,32.36158022332347
Mazandaran,-10.0,99299,36.74,53.84,Galugah,1980-05-01,MASA,61.74348124909557
Mazandaran,14.7,40737,36.49,52.11,Gharakhil,1980-05-01,MASA,134.91250404763377
Mazandaran,1294.3,40760,36.25,53.55,Kiyasar,1980-05-01,MASA,106.23843798089183
Mazandaran,1550.0,99348,36.39,51.73,Kojur,1980-05-01,MASA,197.60410317826427
Mazandaran,-20.9,40734,36.66,51.47,Nowshahr,1980-05-01,MASA,110.18547245907939
Mazandaran,610.0,99360,36.1,53.06,Polsefid,1980-05-01,MASA,119.78876420903362
Mazandaran,-20.0,40732,36.9,50.68,Ramsar,1980-05-01,MASA,84.90362593579448
Mazandaran,23.0,40759,36.54,53.0,Sari,1980-05-01,MASA,77.3359371130482
Mazandaran,16.7,40788,36.64,53.2,Sari (Dasht-E-Naz Airport),1980-05-01,MASA,59.353156179668076
Mazandaran,1855.4,40735,36.23,51.3,Siahbisheh,1980-05-01,MASA,101.92702540803111
Mazandaran,1805.0,99361,36.07,52.84,Alasht,1980-06-01,MASA,54.54938829335276
Mazandaran,23.7,99309,36.48,52.47,Amol,1980-06-01,MASA,37.39655733498637
Mazandaran,-21.0,40736,36.7,52.64,Babolsar,1980-06-01,MASA,9.409092072573344
Mazandaran,2120.0,99357,36.2,51.8,Baladeh,1980-06-01,MASA,80.43000817689006
Mazandaran,-20.0,99306,36.86,53.39,Bandar-E-Amirabad,1980-06-01,MASA,10.338268879976908
Mazandaran,-10.0,99299,36.74,53.84,Galugah,1980-06-01,MASA,29.43953097256724
Mazandaran,14.7,40737,36.49,52.11,Gharakhil,1980-06-01,MASA,75.81759214791362
Mazandaran,1294.3,40760,36.25,53.55,Kiyasar,1980-06-01,MASA,42.99376130494181
Mazandaran,1550.0,99348,36.39,51.73,Kojur,1980-06-01,MASA,118.27862978371684
Mazandaran,-20.9,40734,36.66,51.47,Nowshahr,1980-06-01,MASA,55.213458541956584
Mazandaran,610.0,99360,36.1,53.06,Polsefid,1980-06-01,MASA,52.130765918818156
Mazandaran,-20.0,40732,36.9,50.68,Ramsar,1980-06-01,MASA,62.441177372065226
Mazandaran,23.0,40759,36.54,53.0,Sari,1980-06-01,MASA,26.07767999562327
Mazandaran,16.7,40788,36.64,53.2,Sari (Dasht-E-Naz Airport),1980-06-01,MASA,18.454380039301554
Mazandaran,1855.4,40735,36.23,51.3,Siahbisheh,1980-06-01,MASA,80.4984343090922
Mazandaran,1805.0,99361,36.07,52.84,Alasht,1980-07-01,MASA,30.061066158705074
Mazandaran,23.7,99309,36.48,52.47,Amol,1980-07-01,MASA,48.99783433287652
Mazandaran,-21.0,40736,36.7,52.64,Babolsar,1980-07-01,MASA,5.70124388545068
Mazandaran,2120.0,99357,36.2,51.8,Baladeh,1980-07-01,MASA,53.653597839765865
Mazandaran,-20.0,99306,36.86,53.39,Bandar-E-Amirabad,1980-07-01,MASA,1.8505454143813438
Mazandaran,-10.0,99299,36.74,53.84,Galugah,1980-07-01,MASA,6.906017669134457
Mazandaran,14.7,40737,36.49,52.11,Gharakhil,1980-07-01,MASA,40.043339141302425
Mazandaran,1294.3,40760,36.25,53.55,Kiyasar,1980-07-01,MASA,32.72128105967553
Mazandaran,1550.0,99348,36.39,51.73,Kojur,1980-07-01,MASA,72.49367237895044
Mazandaran,-20.9,40734,36.66,51.47,Nowshahr,1980-07-01,MASA,35.94446183054956
Mazandaran,610.0,99360,36.1,53.06,Polsefid,1980-07-01,MASA,24.411529310636837
Mazandaran,-20.0,40732,36.9,50.68,Ramsar,1980-07-01,MASA,31.858161099844295
Mazandaran,23.0,40759,36.54,53.0,Sari,1980-07-01,MASA,47.8130281051925
Mazandaran,16.7,40788,36.64,53.2,Sari (Dasht-E-Naz Airport),1980-07-01,MASA,22.977262743406612
Mazandaran,1855.4,40735,36.23,51.3,Siahbisheh,1980-07-01,MASA,41.95524752944024
Mazandaran,1805.0,99361,36.07,52.84,Alasht,1980-08-01,MASA,132.77914841717475
Mazandaran,23.7,99309,36.48,52.47,Amol,1980-08-01,MASA,104.44606562203163
Mazandaran,-21.0,40736,36.7,52.64,Babolsar,1980-08-01,MASA,41.389969187438425
Mazandaran,2120.0,99357,36.2,51.8,Baladeh,1980-08-01,MASA,138.40254862850898
Mazandaran,-20.0,99306,36.86,53.39,Bandar-E-Amirabad,1980-08-01,MASA,44.02093310898536
Mazandaran,-10.0,99299,36.74,53.84,Galugah,1980-08-01,MASA,58.27419181412452
Mazandaran,14.7,40737,36.49,52.11,Gharakhil,1980-08-01,MASA,179.64687665051216
Mazandaran,1294.3,40760,36.25,53.55,Kiyasar,1980-08-01,MASA,107.45408852642768
Mazandaran,1550.0,99348,36.39,51.73,Kojur,1980-08-01,MASA,218.46604068821662
Mazandaran,-20.9,40734,36.66,51.47,Nowshahr,1980-08-01,MASA,163.97681553906196
Mazandaran,610.0,99360,36.1,53.06,Polsefid,1980-08-01,MASA,102.22987552231544
Mazandaran,-20.0,40732,36.9,50.68,Ramsar,1980-08-01,MASA,174.7741075331568
Mazandaran,23.0,40759,36.54,53.0,Sari,1980-08-01,MASA,89.80636020249122
Mazandaran,16.7,40788,36.64,53.2,Sari (Dasht-E-Naz Airport),1980-08-01,MASA,72.31843193119758
Mazandaran,1855.4,40735,36.23,51.3,Siahbisheh,1980-08-01,MASA,100.20692368096107
Mazandaran,1805.0,99361,36.07,52.84,Alasht,1980-09-01,MASA,186.1053471872829
Mazandaran,23.7,99309,36.48,52.47,Amol,1980-09-01,MASA,114.4485836336635
Mazandaran,-21.0,40736,36.7,52.64,Babolsar,1980-09-01,MASA,51.95917835927233
Mazandaran,2120.0,99357,36.2,51.8,Baladeh,1980-09-01,MASA,97.66649356580004
Mazandaran,-20.0,99306,36.86,53.39,Bandar-E-Amirabad,1980-09-01,MASA,60.52190712189898
Mazandaran,-10.0,99299,36.74,53.84,Galugah,1980-09-01,MASA,87.91764727330431
Mazandaran,14.7,40737,36.49,52.11,Gharakhil,1980-09-01,MASA,198.17469170785174
Mazandaran,1294.3,40760,36.25,53.55,Kiyasar,1980-09-01,MASA,89.32576230263933
Mazandaran,1550.0,99348,36.39,51.73,Kojur,1980-09-01,MASA,212.36436715817675
Mazandaran,-20.9,40734,36.66,51.47,Nowshahr,1980-09-01,MASA,161.46492114758715
Mazandaran,610.0,99360,36.1,53.06,Polsefid,1980-09-01,MASA,137.12116232609972
Mazandaran,-20.0,40732,36.9,50.68,Ramsar,1980-09-01,MASA,176.24325206971392
Mazandaran,23.0,40759,36.54,53.0,Sari,1980-09-01,MASA,102.10322490430102
Mazandaran,16.7,40788,36.64,53.2,Sari (Dasht-E-Naz Airport),1980-09-01,MASA,82.53613761162981
Mazandaran,1855.4,40735,36.23,51.3,Siahbisheh,1980-09-01,MASA,62.343737990619985
Mazandaran,1805.0,99361,36.07,52.84,Alasht,1980-10-01,MASA,139.26694766117365
Mazandaran,23.7,99309,36.48,52.47,Amol,1980-10-01,MASA,125.17623082233698
Mazandaran,-21.0,40736,36.7,52.64,Babolsar,1980-10-01,MASA,121.02912590338022
Mazandaran,2120.0,99357,36.2,51.8,Baladeh,1980-10-01,MASA,109.70137492252618
Mazandaran,-20.0,99306,36.86,53.39,Bandar-E-Amirabad,1980-10-01,MASA,120.647946749461
Mazandaran,-10.0,99299,36.74,53.84,Galugah,1980-10-01,MASA,105.67808375192911
Mazandaran,14.7,40737,36.49,52.11,Gharakhil,1980-10-01,MASA,198.25179353786737
Mazandaran,1294.3,40760,36.25,53.55,Kiyasar,1980-10-01,MASA,116.93793014122278
Mazandaran,1550.0,99348,36.39,51.73,Kojur,1980-10-01,MASA,150.23213848902017
Mazandaran,-20.9,40734,36.66,51.47,Nowshahr,1980-10-01,MASA,195.07238492800028
Mazandaran,610.0,99360,36.1,53.06,Polsefid,1980-10-01,MASA,123.76227453781397
Mazandaran,-20.0,40732,36.9,50.68,Ramsar,1980-10-01,MASA,270.7429550631168
Mazandaran,23.0,40759,36.54,53.0,Sari,1980-10-01,MASA,122.83329144550592
Mazandaran,16.7,40788,36.64,53.2,Sari (Dasht-E-Naz Airport),1980-10-01,MASA,112.5852488024357
Mazandaran,1855.4,40735,36.23,51.3,Siahbisheh,1980-10-01,MASA,108.55052844120294
Mazandaran,1805.0,99361,36.07,52.84,Alasht,1980-11-01,MASA,118.9714123390786
Mazandaran,23.7,99309,36.48,52.47,Amol,1980-11-01,MASA,128.10308233724754
Mazandaran,-21.0,40736,36.7,52.64,Babolsar,1980-11-01,MASA,81.93429306970756
Mazandaran,2120.0,99357,36.2,51.8,Baladeh,1980-11-01,MASA,68.43972698675316
Mazandaran,-20.0,99306,36.86,53.39,Bandar-E-Amirabad,1980-11-01,MASA,101.63319603429954
Mazandaran,-10.0,99299,36.74,53.84,Galugah,1980-11-01,MASA,103.3963163279168
Mazandaran,14.7,40737,36.49,52.11,Gharakhil,1980-11-01,MASA,181.35747061000984
Mazandaran,1294.3,40760,36.25,53.55,Kiyasar,1980-11-01,MASA,77.4178330682389
Mazandaran,1550.0,99348,36.39,51.73,Kojur,1980-11-01,MASA,89.07612905727547
Mazandaran,-20.9,40734,36.66,51.47,Nowshahr,1980-11-01,MASA,214.1981323145501
Mazandaran,610.0,99360,36.1,53.06,Polsefid,1980-11-01,MASA,114.58882436977547
Mazandaran,-20.0,40732,36.9,50.68,Ramsar,1980-11-01,MASA,272.1562732838265
Mazandaran,23.0,40759,36.54,53.0,Sari,1980-11-01,MASA,113.93947646843117
Mazandaran,16.7,40788,36.64,53.2,Sari (Dasht-E-Naz Airport),1980-11-01,MASA,113.54186133371513
Mazandaran,1855.4,40735,36.23,51.3,Siahbisheh,1980-11-01,MASA,67.81173244939964
Mazandaran,1805.0,99361,36.07,52.84,Alasht,1980-12-01,MASA,82.35875519405411
Mazandaran,23.7,99309,36.48,52.47,Amol,1980-12-01,MASA,90.51389994512604
Mazandaran,-21.0,40736,36.7,52.64,Babolsar,1980-12-01,MASA,68.36971642862366
Mazandaran,2120.0,99357,36.2,51.8,Baladeh,1980-12-01,MASA,63.33614143024491
Mazandaran,-20.0,99306,36.86,53.39,Bandar-E-Amirabad,1980-12-01,MASA,88.16265317092942
Mazandaran,-10.0,99299,36.74,53.84,Galugah,1980-12-01,MASA,96.8100577820401
Mazandaran,14.7,40737,36.49,52.11,Gharakhil,1980-12-01,MASA,111.65889354835556
Mazandaran,1294.3,40760,36.25,53.55,Kiyasar,1980-12-01,MASA,92.03145655284928
Mazandaran,1550.0,99348,36.39,51.73,Kojur,1980-12-01,MASA,86.59743519912766
Mazandaran,-20.9,40734,36.66,51.47,Nowshahr,1980-12-01,MASA,147.54862340580033
Mazandaran,610.0,99360,36.1,53.06,Polsefid,1980-12-01,MASA,72.51623275171326
Mazandaran,-20.0,40732,36.9,50.68,Ramsar,1980-12-01,MASA,127.21052023063706
Mazandaran,23.0,40759,36.54,53.0,Sari,1980-12-01,MASA,83.32838865409897
Mazandaran,16.7,40788,36.64,53.2,Sari (Dasht-E-Naz Airport),1980-12-01,MASA,84.79620518575715
Mazandaran,1855.4,40735,36.23,51.3,Siahbisheh,1980-12-01,MASA,67.57408382783936
Mazandaran,1805.0,99361,36.07,52.84,Alasht,1981-01-01,MASA,66.76235946336107
Mazandaran,23.7,99309,36.48,52.47,Amol,1981-01-01,MASA,85.89933963933305
Mazandaran,-21.0,40736,36.7,52.64,Babolsar,1981-01-01,MASA,57.6331630579503
Mazandaran,2120.0,99357,36.2,51.8,Baladeh,1981-01-01,MASA,53.23456379094438
Mazandaran,-20.0,99306,36.86,53.39,Bandar-E-Amirabad,1981-01-01,MASA,46.74436303296403
Mazandaran,-10.0,99299,36.74,53.84,Galugah,1981-01-01,MASA,51.33748205819444
Mazandaran,14.7,40737,36.49,52.11,Gharakhil,1981-01-01,MASA,95.27130576291398
Mazandaran,1294.3,40760,36.25,53.55,Kiyasar,1981-01-01,MASA,55.816070758488934
Mazandaran,1550.0,99348,36.39,51.73,Kojur,1981-01-01,MASA,48.64949139275865
Mazandaran,-20.9,40734,36.66,51.47,Nowshahr,1981-01-01,MASA,114.09491451897935
Mazandaran,610.0,99360,36.1,53.06,Polsefid,1981-01-01,MASA,59.47302433171586
Mazandaran,-20.0,40732,36.9,50.68,Ramsar,1981-01-01,MASA,135.84274204888658
Mazandaran,23.0,40759,36.54,53.0,Sari,1981-01-01,MASA,70.78832539239244
Mazandaran,16.7,40788,36.64,53.2,Sari (Dasht-E-Naz Airport),1981-01-01,MASA,56.53983505883531
Mazandaran,1855.4,40735,36.23,51.3,Siahbisheh,1981-01-01,MASA,74.81038721719102
Mazandaran,1805.0,99361,36.07,52.84,Alasht,1981-02-01,MASA,77.7027810285631
Mazandaran,23.7,99309,36.48,52.47,Amol,1981-02-01,MASA,91.46868235569627
Mazandaran,-21.0,40736,36.7,52.64,Babolsar,1981-02-01,MASA,48.09959775906236
Mazandaran,2120.0,99357,36.2,51.8,Baladeh,1981-02-01,MASA,60.845842428022934
Mazandaran,-20.0,99306,36.86,53.39,Bandar-E-Amirabad,1981-02-01,MASA,65.13833052616746
Mazandaran,-10.0,99299,36.74,53.84,Galugah,1981-02-01,MASA,72.51146978836687
Mazandaran,14.7,40737,36.49,52.11,Gharakhil,1981-02-01,MASA,94.389816589171
Mazandaran,1294.3,40760,36.25,53.55,Kiyasar,1981-02-01,MASA,77.20000094872148
Mazandaran,1550.0,99348,36.39,51.73,Kojur,1981-02-01,MASA,51.661526627356125
Mazandaran,-20.9,40734,36.66,51.47,Nowshahr,1981-02-01,MASA,114.64855617981584
Mazandaran,610.0,99360,36.1,53.06,Polsefid,1981-02-01,MASA,70.65347380142839
Mazandaran,-20.0,40732,36.9,50.68,Ramsar,1981-02-01,MASA,112.67442054253252
Mazandaran,23.0,40759,36.54,53.0,Sari,1981-02-01,MASA,75.64949042301805
Mazandaran,16.7,40788,36.64,53.2,Sari (Dasht-E-Naz Airport),1981-02-01,MASA,69.04857403736742
Mazandaran,1855.4,40735,36.23,51.3,Siahbisheh,1981-02-01,MASA,82.67410642605455
Mazandaran,1805.0,99361,36.07,52.84,Alasht,1981-03-01,MASA,82.3199849971985
Mazandaran,23.7,99309,36.48,52.47,Amol,1981-03-01,MASA,84.19370170919649
Mazandaran,-21.0,40736,36.7,52.64,Babolsar,1981-03-01,MASA,47.296772564337175
Mazandaran,2120.0,99357,36.2,51.8,Baladeh,1981-03-01,MASA,93.12425073473207
Mazandaran,-20.0,99306,36.86,53.39,Bandar-E-Amirabad,1981-03-01,MASA,73.87488600103609
Mazandaran,-10.0,99299,36.74,53.84,Galugah,1981-03-01,MASA,82.32151981680147
Mazandaran,14.7,40737,36.49,52.11,Gharakhil,1981-03-01,MASA,113.73430010168306
Mazandaran,1294.3,40760,36.25,53.55,Kiyasar,1981-03-01,MASA,82.12118860571138
Mazandaran,1550.0,99348,36.39,51.73,Kojur,1981-03-01,MASA,87.38675233213655
Mazandaran,-20.9,40734,36.66,51.47,Nowshahr,1981-03-01,MASA,105.4460358270859
Mazandaran,610.0,99360,36.1,53.06,Polsefid,1981-03-01,MASA,75.27675744383089
Mazandaran,-20.0,40732,36.9,50.68,Ramsar,1981-03-01,MASA,117.16590341417543
Mazandaran,23.0,40759,36.54,53.0,Sari,1981-03-01,MASA,75.25044199316255
Mazandaran,16.7,40788,36.64,53.2,Sari (Dasht-E-Naz Airport),1981-03-01,MASA,67.63164218752138
Mazandaran,1855.4,40735,36.23,51.3,Siahbisheh,1981-03-01,MASA,139.91824802248232
Mazandaran,1805.0,99361,36.07,52.84,Alasht,1981-04-01,MASA,127.56388189777823
Mazandaran,23.7,99309,36.48,52.47,Amol,1981-04-01,MASA,98.26955499634238
Mazandaran,-21.0,40736,36.7,52.64,Babolsar,1981-04-01,MASA,53.06431951508017
Mazandaran,2120.0,99357,36.2,51.8,Baladeh,1981-04-01,MASA,105.30035498127432
Mazandaran,-20.0,99306,36.86,53.39,Bandar-E-Amirabad,1981-04-01,MASA,65.03139736637564
Mazandaran,-10.0,99299,36.74,53.84,Galugah,1981-04-01,MASA,106.75283076748343
Mazandaran,14.7,40737,36.49,52.11,Gharakhil,1981-04-01,MASA,143.25928988441916
Mazandaran,1294.3,40760,36.25,53.55,Kiyasar,1981-04-01,MASA,90.46441616997214
Mazandaran,1550.0,99348,36.39,51.73,Kojur,1981-04-01,MASA,132.57842066273184
Mazandaran,-20.9,40734,36.66,51.47,Nowshahr,1981-04-01,MASA,135.94641091808768
Mazandaran,610.0,99360,36.1,53.06,Polsefid,1981-04-01,MASA,117.22968819126578
Mazandaran,-20.0,40732,36.9,50.68,Ramsar,1981-04-01,MASA,150.05892815575095
Mazandaran,23.0,40759,36.54,53.0,Sari,1981-04-01,MASA,87.85949947819205
Mazandaran,16.7,40788,36.64,53.2,Sari (Dasht-E-Naz Airport),1981-04-01,MASA,75.10677280411215
Mazandaran,1855.4,40735,36.23,51.3,Siahbisheh,1981-04-01,MASA,129.93786039337607
Mazandaran,1805.0,99361,36.07,52.84,Alasht,1981-05-01,MASA,170.50405971848903
Mazandaran,23.7,99309,36.48,52.47,Amol,1981-05-01,MASA,126.84858970487056
Mazandaran,-21.0,40736,36.7,52.64,Babolsar,1981-05-01,MASA,41.78213708245693
Mazandaran,2120.0,99357,36.2,51.8,Baladeh,1981-05-01,MASA,109.90427069508968
Mazandaran,-20.0,99306,36.86,53.39,Bandar-E-Amirabad,1981-05-01,MASA,44.91774372899471
Mazandaran,-10.0,99299,36.74,53.84,Galugah,1981-05-01,MASA,152.1669738754028
Mazandaran,14.7,40737,36.49,52.11,Gharakhil,1981-05-01,MASA,214.4530975087875
Mazandaran,1294.3,40760,36.25,53.55,Kiyasar,1981-05-01,MASA,107.07896582925258
Mazandaran,1550.0,99348,36.39,51.73,Kojur,1981-05-01,MASA,164.12943236672817
Mazandaran,-20.9,40734,36.66,51.47,Nowshahr,1981-05-01,MASA,129.14840512120662
Mazandaran,610.0,99360,36.1,53.06,Polsefid,1981-05-01,MASA,160.30902795636592
Mazandaran,-20.0,40732,36.9,50.68,Ramsar,1981-05-01,MASA,180.65930538022457
Mazandaran,23.0,40759,36.54,53.0,Sari,1981-05-01,MASA,90.79664580666957
Mazandaran,16.7,40788,36.64,53.2,Sari (Dasht-E-Naz Airport),1981-05-01,MASA,81.29174642407833
Mazandaran,1855.4,40735,36.23,51.3,Siahbisheh,1981-05-01,MASA,96.95694975697933
Mazandaran,1805.0,99361,36.07,52.84,Alasht,1981-06-01,MASA,158.648765306868
Mazandaran,23.7,99309,36.48,52.47,Amol,1981-06-01,MASA,84.11676309625093
Mazandaran,-21.0,40736,36.7,52.64,Babolsar,1981-06-01,MASA,24.405783634581013
Mazandaran,2120.0,99357,36.2,51.8,Baladeh,1981-06-01,MASA,210.76173208276217
Mazandaran,-20.0,99306,36.86,53.39,Bandar-E-Amirabad,1981-06-01,MASA,14.074555259146138
Mazandaran,-10.0,99299,36.74,53.84,Galugah,1981-06-01,MASA,44.793358664907856
Mazandaran,14.7,40737,36.49,52.11,Gharakhil,1981-06-01,MASA,246.1031588129181
Mazandaran,1294.3,40760,36.25,53.55,Kiyasar,1981-06-01,MASA,84.66260753194277
Mazandaran,1550.0,99348,36.39,51.73,Kojur,1981-06-01,MASA,307.0208045057434
Mazandaran,-20.9,40734,36.66,51.47,Nowshahr,1981-06-01,MASA,119.20783541718905
Mazandaran,610.0,99360,36.1,53.06,Polsefid,1981-06-01,MASA,135.74131451169436
Mazandaran,-20.0,40732,36.9,50.68,Ramsar,1981-06-01,MASA,80.04454396287386
Mazandaran,23.0,40759,36.54,53.0,Sari,1981-06-01,MASA,55.05401514092867
Mazandaran,16.7,40788,36.64,53.2,Sari (Dasht-E-Naz Airport),1981-06-01,MASA,33.131650309957905
Mazandaran,1855.4,40735,36.23,51.3,Siahbisheh,1981-06-01,MASA,171.098938804068
Mazandaran,1805.0,99361,36.07,52.84,Alasht,1981-07-01,MASA,78.09803805671578
Mazandaran,23.7,99309,36.48,52.47,Amol,1981-07-01,MASA,89.11185882411843
Mazandaran,-21.0,40736,36.7,52.64,Babolsar,1981-07-01,MASA,37.57619283519631
Mazandaran,2120.0,99357,36.2,51.8,Baladeh,1981-07-01,MASA,131.1465146335209
Mazandaran,-20.0,99306,36.86,53.39,Bandar-E-Amirabad,1981-07-01,MASA,46.88599131427651
Mazandaran,-10.0,99299,36.74,53.84,Galugah,1981-07-01,MASA,84.06422458015328
Mazandaran,14.7,40737,36.49,52.11,Gharakhil,1981-07-01,MASA,157.63995967231637
Mazandaran,1294.3,40760,36.25,53.55,Kiyasar,1981-07-01,MASA,99.7243019136036
Mazandaran,1550.0,99348,36.39,51.73,Kojur,1981-07-01,MASA,152.7015807422245
Mazandaran,-20.9,40734,36.66,51.47,Nowshahr,1981-07-01,MASA,93.94831381164437
Mazandaran,610.0,99360,36.1,53.06,Polsefid,1981-07-01,MASA,74.94583151660805
Mazandaran,-20.0,40732,36.9,50.68,Ramsar,1981-07-01,MASA,84.31353590808754
Mazandaran,23.0,40759,36.54,53.0,Sari,1981-07-01,MASA,65.81702254138833
Mazandaran,16.7,40788,36.64,53.2,Sari (Dasht-E-Naz Airport),1981-07-01,MASA,54.54469642959481
Mazandaran,1855.4,40735,36.23,51.3,Siahbisheh,1981-07-01,MASA,93.45673940502053
Mazandaran,1805.0,99361,36.07,52.84,Alasht,1981-08-01,MASA,114.6932678601118
Mazandaran,23.7,99309,36.48,52.47,Amol,1981-08-01,MASA,84.52050260513744
Mazandaran,-21.0,40736,36.7,52.64,Babolsar,1981-08-01,MASA,37.31225303619823
Mazandaran,2120.0,99357,36.2,51.8,Baladeh,1981-08-01,MASA,130.46766690224132
Mazandaran,-20.0,99306,36.86,53.39,Bandar-E-Amirabad,1981-08-01,MASA,11.162071146664232
Mazandaran,-10.0,99299,36.74,53.84,Galugah,1981-08-01,MASA,39.91605214088878
Mazandaran,14.7,40737,36.49,52.11,Gharakhil,1981-08-01,MASA,190.21566084831676
Mazandaran,1294.3,40760,36.25,53.55,Kiyasar,1981-08-01,MASA,49.534721889195055
Mazandaran,1550.0,99348,36.39,51.73,Kojur,1981-08-01,MASA,213.12081686466655
Mazandaran,-20.9,40734,36.66,51.47,Nowshahr,1981-08-01,MASA,115.6526344200941
Mazandaran,610.0,99360,36.1,53.06,Polsefid,1981-08-01,MASA,88.80594245403728
Mazandaran,-20.0,40732,36.9,50.68,Ramsar,1981-08-01,MASA,120.58135739773235
Mazandaran,23.0,40759,36.54,53.0,Sari,1981-08-01,MASA,93.57772640198192
Mazandaran,16.7,40788,36.64,53.2,Sari (Dasht-E-Naz Airport),1981-08-01,MASA,46.48251704185924
Mazandaran,1855.4,40735,36.23,51.3,Siahbisheh,1981-08-01,MASA,76.03371015995464
Mazandaran,1805.0,99361,36.07,52.84,Alasht,1981-09-01,MASA,137.99320503391144
Mazandaran,23.7,99309,36.48,52.47,Amol,1981-09-01,MASA,188.52599307216522
Mazandaran,-21.0,40736,36.7,52.64,Babolsar,1981-09-01,MASA,170.8420549265277
Mazandaran,2120.0,99357,36.2,51.8,Baladeh,1981-09-01,MASA,119.64488371528503
Mazandaran,-20.0,99306,36.86,53.39,Bandar-E-Amirabad,1981-09-01,MASA,122.17226966537353
Mazandaran,-10.0,99299,36.74,53.84,Galugah,1981-09-01,MASA,135.5860565534961
Mazandaran,14.7,40737,36.49,52.11,Gharakhil,1981-09-01,MASA,257.1228925815951
Mazandaran,1294.3,40760,36.25,53.55,Kiyasar,1981-09-01,MASA,88.01725848831055
Mazandaran,1550.0,99348,36.39,51.73,Kojur,1981-09-01,MASA,231.46412118591186
Mazandaran,-20.9,40734,36.66,51.47,Nowshahr,1981-09-01,MASA,287.46621652759427
Mazandaran,610.0,99360,36.1,53.06,Polsefid,1981-09-01,MASA,112.08713396705505
Mazandaran,-20.0,40732,36.9,50.68,Ramsar,1981-09-01,MASA,319.2625825039279
Mazandaran,23.0,40759,36.54,53.0,Sari,1981-09-01,MASA,166.3688455454242
Mazandaran,16.7,40788,36.64,53.2,Sari (Dasht-E-Naz Airport),1981-09-01,MASA,144.570056044234
Mazandaran,1855.4,40735,36.23,51.3,Siahbisheh,1981-09-01,MASA,75.27177377857086
Mazandaran,1805.0,99361,36.07,52.84,Alasht,1981-10-01,MASA,160.67355643295755
Mazandaran,23.7,99309,36.48,52.47,Amol,1981-10-01,MASA,123.66678337835779
Mazandaran,-21.0,40736,36.7,52.64,Babolsar,1981-10-01,MASA,119.60779647612085
Mazandaran,2120.0,99357,36.2,51.8,Baladeh,1981-10-01,MASA,122.62143711828699
Mazandaran,-20.0,99306,36.86,53.39,Bandar-E-Amirabad,1981-10-01,MASA,80.41918794893732
Mazandaran,-10.0,99299,36.74,53.84,Galugah,1981-10-01,MASA,72.08874593758097
Mazandaran,14.7,40737,36.49,52.11,Gharakhil,1981-10-01,MASA,208.31852923416605
Mazandaran,1294.3,40760,36.25,53.55,Kiyasar,1981-10-01,MASA,117.5027019836854
Mazandaran,1550.0,99348,36.39,51.73,Kojur,1981-10-01,MASA,143.4404827215623
Mazandaran,-20.9,40734,36.66,51.47,Nowshahr,1981-10-01,MASA,168.3078981497239
Mazandaran,610.0,99360,36.1,53.06,Polsefid,1981-10-01,MASA,156.210107312436
Mazandaran,-20.0,40732,36.9,50.68,Ramsar,1981-10-01,MASA,151.2396461822938
Mazandaran,23.0,40759,36.54,53.0,Sari,1981-10-01,MASA,132.61208455347528
Mazandaran,16.7,40788,36.64,53.2,Sari (Dasht-E-Naz Airport),1981-10-01,MASA,121.25580529951563
Mazandaran,1855.4,40735,36.23,51.3,Siahbisheh,1981-10-01,MASA,99.2076448657464
Mazandaran,1805.0,99361,36.07,52.84,Alasht,1981-11-01,MASA,92.77562073958379
Mazandaran,23.7,99309,36.48,52.47,Amol,1981-11-01,MASA,130.74908427489262
Mazandaran,-21.0,40736,36.7,52.64,Babolsar,1981-11-01,MASA,93.29142443430882
Mazandaran,2120.0,99357,36.2,51.8,Baladeh,1981-11-01,MASA,65.44753185999852
Mazandaran,-20.0,99306,36.86,53.39,Bandar-E-Amirabad,1981-11-01,MASA,106.44295088541966
Mazandaran,-10.0,99299,36.74,53.84,Galugah,1981-11-01,MASA,121.30434088004094
Mazandaran,14.7,40737,36.49,52.11,Gharakhil,1981-11-01,MASA,170.36078147185307
Mazandaran,1294.3,40760,36.25,53.55,Kiyasar,1981-11-01,MASA,88.62259260905248
Mazandaran,1550.0,99348,36.39,51.73,Kojur,1981-11-01,MASA,89.71274666083318
Mazandaran,-20.9,40734,36.66,51.47,Nowshahr,1981-11-01,MASA,191.70183710349065
Mazandaran,610.0,99360,36.1,53.06,Polsefid,1981-11-01,MASA,85.18395594847661
Mazandaran,-20.0,40732,36.9,50.68,Ramsar,1981-11-01,MASA,173.2099728990839
Mazandaran,23.0,40759,36.54,53.0,Sari,1981-11-01,MASA,114.37139682066899
Mazandaran,16.7,40788,36.64,53.2,Sari (Dasht-E-Naz Airport),1981-11-01,MASA,117.52984694731694
Mazandaran,1855.4,40735,36.23,51.3,Siahbisheh,1981-11-01,MASA,76.0604368854807
Mazandaran,1805.0,99361,36.07,52.84,Alasht,1981-12-01,MASA,46.600401476705855
Mazandaran,23.7,99309,36.48,52.47,Amol,1981-12-01,MASA,57.08397932418663
Mazandaran,-21.0,40736,36.7,52.64,Babolsar,1981-12-01,MASA,36.40744097598869
Mazandaran,2120.0,99357,36.2,51.8,Baladeh,1981-12-01,MASA,27.725189999426192
Mazandaran,-20.0,99306,36.86,53.39,Bandar-E-Amirabad,1981-12-01,MASA,50.31462766298134
Mazandaran,-10.0,99299,36.74,53.84,Galugah,1981-12-01,MASA,70.82524903186638
Mazandaran,14.7,40737,36.49,52.11,Gharakhil,1981-12-01,MASA,69.8527545488723
Mazandaran,1294.3,40760,36.25,53.55,Kiyasar,1981-12-01,MASA,52.80824013122398
Mazandaran,1550.0,99348,36.39,51.73,Kojur,1981-12-01,MASA,40.39862014421303
Mazandaran,-20.9,40734,36.66,51.47,Nowshahr,1981-12-01,MASA,111.79920293458778
Mazandaran,610.0,99360,36.1,53.06,Polsefid,1981-12-01,MASA,37.56922490962822
Mazandaran,-20.0,40732,36.9,50.68,Ramsar,1981-12-01,MASA,108.60275484689552
Mazandaran,23.0,40759,36.54,53.0,Sari,1981-12-01,MASA,55.56073047288734
Mazandaran,16.7,40788,36.64,53.2,Sari (Dasht-E-Naz Airport),1981-12-01,MASA,61.028964892710036
Mazandaran,1855.4,40735,36.23,51.3,Siahbisheh,1981-12-01,MASA,33.63978870281059
Mazandaran,1805.0,99361,36.07,52.84,Alasht,1982-01-01,MASA,71.36456882684072
Mazandaran,23.7,99309,36.48,52.47,Amol,1982-01-01,MASA,127.23800754277548
Mazandaran,-21.0,40736,36.7,52.64,Babolsar,1982-01-01,MASA,113.21211075513204
Mazandaran,2120.0,99357,36.2,51.8,Baladeh,1982-01-01,MASA,50.145449397252406
Mazandaran,-20.0,99306,36.86,53.39,Bandar-E-Amirabad,1982-01-01,MASA,95.54337179391226
Mazandaran,-10.0,99299,36.74,53.84,Galugah,1982-01-01,MASA,95.53392445771536
Mazandaran,14.7,40737,36.49,52.11,Gharakhil,1982-01-01,MASA,146.11777877538046
Mazandaran,1294.3,40760,36.25,53.55,Kiyasar,1982-01-01,MASA,80.34844910828909
Mazandaran,1550.0,99348,36.39,51.73,Kojur,1982-01-01,MASA,70.52415823666891
Mazandaran,-20.9,40734,36.66,51.47,Nowshahr,1982-01-01,MASA,203.67978727547964
Mazandaran,610.0,99360,36.1,53.06,Polsefid,1982-01-01,MASA,68.43060469357809
Mazandaran,-20.0,40732,36.9,50.68,Ramsar,1982-01-01,MASA,234.22980522839865
Mazandaran,23.0,40759,36.54,53.0,Sari,1982-01-01,MASA,99.8491368266805
Mazandaran,16.7,40788,36.64,53.2,Sari (Dasht-E-Naz Airport),1982-01-01,MASA,102.2089294168218
Mazandaran,1855.4,40735,36.23,51.3,Siahbisheh,1982-01-01,MASA,62.933238503621425
Mazandaran,1805.0,99361,36.07,52.84,Alasht,1982-02-01,MASA,84.32136302703341
Mazandaran,23.7,99309,36.48,52.47,Amol,1982-02-01,MASA,138.73710309976062
Mazandaran,-21.0,40736,36.7,52.64,Babolsar,1982-02-01,MASA,109.30022423976382
Mazandaran,2120.0,99357,36.2,51.8,Baladeh,1982-02-01,MASA,89.65486859792193
Mazandaran,-20.0,99306,36.86,53.39,Bandar-E-Amirabad,1982-02-01,MASA,90.14965420478305
Mazandaran,-10.0,99299,36.74,53.84,Galugah,1982-02-01,MASA,85.16941791289767
Mazandaran,14.7,40737,36.49,52.11,Gharakhil,1982-02-01,MASA,188.35566764586886
Mazandaran,1294.3,40760,36.25,53.55,Kiyasar,1982-02-01,MASA,74.12855898850879
Mazandaran,1550.0,99348,36.39,51.73,Kojur,1982-02-01,MASA,124.50247084611377
Mazandaran,-20.9,40734,36.66,51.47,Nowshahr,1982-02-01,MASA,222.53906553500613
Mazandaran,610.0,99360,36.1,53.06,Polsefid,1982-02-01,MASA,78.58945255988559
Mazandaran,-20.0,40732,36.9,50.68,Ramsar,1982-02-01,MASA,245.68314676993808
Mazandaran,23.0,40759,36.54,53.0,Sari,1982-02-01,MASA,98.76363551133593
Mazandaran,16.7,40788,36.64,53.2,Sari (Dasht-E-Naz Airport),1982-02-01,MASA,91.83265095466098
Mazandaran,1855.4,40735,36.23,51.3,Siahbisheh,1982-02-01,MASA,92.20860725158175
Mazandaran,1805.0,99361,36.07,52.84,Alasht,1982-03-01,MASA,93.05352836378233
Mazandaran,23.7,99309,36.48,52.47,Amol,1982-03-01,MASA,100.00922649629729
Mazandaran,-21.0,40736,36.7,52.64,Babolsar,1982-03-01,MASA,51.87093585260527
Mazandaran,2120.0,99357,36.2,51.8,Baladeh,1982-03-01,MASA,67.73010760076659
Mazandaran,-20.0,99306,36.86,53.39,Bandar-E-Amirabad,1982-03-01,MASA,57.23013847597258
Mazandaran,-10.0,99299,36.74,53.84,Galugah,1982-03-01,MASA,80.8698174310507
Mazandaran,14.7,40737,36.49,52.11,Gharakhil,1982-03-01,MASA,109.13667946584837
Mazandaran,1294.3,40760,36.25,53.55,Kiyasar,1982-03-01,MASA,75.73331266172545
Mazandaran,1550.0,99348,36.39,51.73,Kojur,1982-03-01,MASA,57.51107006796019
Mazandaran,-20.9,40734,36.66,51.47,Nowshahr,1982-03-01,MASA,143.36709051855223
Mazandaran,610.0,99360,36.1,53.06,Polsefid,1982-03-01,MASA,82.57726698644774
Mazandaran,-20.0,40732,36.9,50.68,Ramsar,1982-03-01,MASA,128.52335839994566
Mazandaran,23.0,40759,36.54,53.0,Sari,1982-03-01,MASA,79.43897813089507
Mazandaran,16.7,40788,36.64,53.2,Sari (Dasht-E-Naz Airport),1982-03-01,MASA,69.83394294508116
Mazandaran,1855.4,40735,36.23,51.3,Siahbisheh,1982-03-01,MASA,93.46022575624602
Mazandaran,1805.0,99361,36.07,52.84,Alasht,1982-04-01,MASA,65.0318688005278
Mazandaran,23.7,99309,36.48,52.47,Amol,1982-04-01,MASA,37.52383349836563
Mazandaran,-21.0,40736,36.7,52.64,Babolsar,1982-04-01,MASA,11.445996746427767
Mazandaran,2120.0,99357,36.2,51.8,Baladeh,1982-04-01,MASA,34.959477767355196
Mazandaran,-20.0,99306,36.86,53.39,Bandar-E-Amirabad,1982-04-01,MASA,8.22280107439255
Mazandaran,-10.0,99299,36.74,53.84,Galugah,1982-04-01,MASA,23.98808060587143
Mazandaran,14.7,40737,36.49,52.11,Gharakhil,1982-04-01,MASA,49.34046922624802
Mazandaran,1294.3,40760,36.25,53.55,Kiyasar,1982-04-01,MASA,31.696957930929415
Mazandaran,1550.0,99348,36.39,51.73,Kojur,1982-04-01,MASA,53.104189619428865
Mazandaran,-20.9,40734,36.66,51.47,Nowshahr,1982-04-01,MASA,62.27050481737351
Mazandaran,610.0,99360,36.1,53.06,Polsefid,1982-04-01,MASA,59.34169648588394
Mazandaran,-20.0,40732,36.9,50.68,Ramsar,1982-04-01,MASA,46.746266469366304
Mazandaran,23.0,40759,36.54,53.0,Sari,1982-04-01,MASA,16.4767181724379
Mazandaran,16.7,40788,36.64,53.2,Sari (Dasht-E-Naz Airport),1982-04-01,MASA,12.096387729055635
Mazandaran,1855.4,40735,36.23,51.3,Siahbisheh,1982-04-01,MASA,31.426993593580477
Mazandaran,1805.0,99361,36.07,52.84,Alasht,1982-05-01,MASA,127.91343897621488
Mazandaran,23.7,99309,36.48,52.47,Amol,1982-05-01,MASA,93.16297739784574
Mazandaran,-21.0,40736,36.7,52.64,Babolsar,1982-05-01,MASA,39.65085119049405
Mazandaran,2120.0,99357,36.2,51.8,Baladeh,1982-05-01,MASA,140.93171924393033
Mazandaran,-20.0,99306,36.86,53.39,Bandar-E-Amirabad,1982-05-01,MASA,33.61561268608426
Mazandaran,-10.0,99299,36.74,53.84,Galugah,1982-05-01,MASA,71.20633989612912
Mazandaran,14.7,40737,36.49,52.11,Gharakhil,1982-05-01,MASA,190.4635217789874
Mazandaran,1294.3,40760,36.25,53.55,Kiyasar,1982-05-01,MASA,81.45443469326352
Mazandaran,1550.0,99348,36.39,51.73,Kojur,1982-05-01,MASA,180.45393496792173
Mazandaran,-20.9,40734,36.66,51.47,Nowshahr,1982-05-01,MASA,92.24843353073453
Mazandaran,610.0,99360,36.1,53.06,Polsefid,1982-05-01,MASA,116.88015729229306
Mazandaran,-20.0,40732,36.9,50.68,Ramsar,1982-05-01,MASA,124.18478101532315
Mazandaran,23.0,40759,36.54,53.0,Sari,1982-05-01,MASA,64.15518492500638
Mazandaran,16.7,40788,36.64,53.2,Sari (Dasht-E-Naz Airport),1982-05-01,MASA,51.14776760380124
Mazandaran,1855.4,40735,36.23,51.3,Siahbisheh,1982-05-01,MASA,130.19044071476316
Mazandaran,1805.0,99361,36.07,52.84,Alasht,1982-06-01,MASA,152.91067049435725
Mazandaran,23.7,99309,36.48,52.47,Amol,1982-06-01,MASA,114.67750952176203
Mazandaran,-21.0,40736,36.7,52.64,Babolsar,1982-06-01,MASA,45.67039594582667
Mazandaran,2120.0,99357,36.2,51.8,Baladeh,1982-06-01,MASA,131.4571408980285
Mazandaran,-20.0,99306,36.86,53.39,Bandar-E-Amirabad,1982-06-01,MASA,46.92707047394862
Mazandaran,-10.0,99299,36.74,53.84,Galugah,1982-06-01,MASA,86.21818408898463
Mazandaran,14.7,40737,36.49,52.11,Gharakhil,1982-06-01,MASA,220.73555574349513
Mazandaran,1294.3,40760,36.25,53.55,Kiyasar,1982-06-01,MASA,94.48832855157008
Mazandaran,1550.0,99348,36.39,51.73,Kojur,1982-06-01,MASA,209.76707920960536
Mazandaran,-20.9,40734,36.66,51.47,Nowshahr,1982-06-01,MASA,92.24714920453181
Mazandaran,610.0,99360,36.1,53.06,Polsefid,1982-06-01,MASA,126.00547656945338
Mazandaran,-20.0,40732,36.9,50.68,Ramsar,1982-06-01,MASA,133.23414907387843
Mazandaran,23.0,40759,36.54,53.0,Sari,1982-06-01,MASA,90.50097153119196
Mazandaran,16.7,40788,36.64,53.2,Sari (Dasht-E-Naz Airport),1982-06-01,MASA,69.73602459363093
Mazandaran,1855.4,40735,36.23,51.3,Siahbisheh,1982-06-01,MASA,79.1703967802917
Mazandaran,1805.0,99361,36.07,52.84,Alasht,1982-07-01,MASA,70.64869147315278
Mazandaran,23.7,99309,36.48,52.47,Amol,1982-07-01,MASA,30.18540781512513
Mazandaran,-21.0,40736,36.7,52.64,Babolsar,1982-07-01,MASA,11.844939408447885
Mazandaran,2120.0,99357,36.2,51.8,Baladeh,1982-07-01,MASA,81.5104905940558
Mazandaran,-20.0,99306,36.86,53.39,Bandar-E-Amirabad,1982-07-01,MASA,22.052607355263376
Mazandaran,-10.0,99299,36.74,53.84,Galugah,1982-07-01,MASA,48.56232446208253
Mazandaran,14.7,40737,36.49,52.11,Gharakhil,1982-07-01,MASA,71.68082040324464
Mazandaran,1294.3,40760,36.25,53.55,Kiyasar,1982-07-01,MASA,33.90938681140199
Mazandaran,1550.0,99348,36.39,51.73,Kojur,1982-07-01,MASA,117.22344797625794
Mazandaran,-20.9,40734,36.66,51.47,Nowshahr,1982-07-01,MASA,45.982411918785715
Mazandaran,610.0,99360,36.1,53.06,Polsefid,1982-07-01,MASA,45.75472217574372
Mazandaran,-20.0,40732,36.9,50.68,Ramsar,1982-07-01,MASA,63.58476620688691
Mazandaran,23.0,40759,36.54,53.0,Sari,1982-07-01,MASA,42.08802324309602
Mazandaran,16.7,40788,36.64,53.2,Sari (Dasht-E-Naz Airport),1982-07-01,MASA,31.166366157677317
Mazandaran,1855.4,40735,36.23,51.3,Siahbisheh,1982-07-01,MASA,70.18225532546296
Mazandaran,1805.0,99361,36.07,52.84,Alasht,1982-08-01,MASA,56.08235443557774
Mazandaran,23.7,99309,36.48,52.47,Amol,1982-08-01,MASA,37.73036743129765
Mazandaran,-21.0,40736,36.7,52.64,Babolsar,1982-08-01,MASA,17.67230177845036
Mazandaran,2120.0,99357,36.2,51.8,Baladeh,1982-08-01,MASA,93.2884826752094
Mazandaran,-20.0,99306,36.86,53.39,Bandar-E-Amirabad,1982-08-01,MASA,36.38693834270512
Mazandaran,-10.0,99299,36.74,53.84,Galugah,1982-08-01,MASA,56.2183275314716
Mazandaran,14.7,40737,36.49,52.11,Gharakhil,1982-08-01,MASA,82.00238789047276
Mazandaran,1294.3,40760,36.25,53.55,Kiyasar,1982-08-01,MASA,80.17106498207127
Mazandaran,1550.0,99348,36.39,51.73,Kojur,1982-08-01,MASA,149.20172239269291
Mazandaran,-20.9,40734,36.66,51.47,Nowshahr,1982-08-01,MASA,63.175724396362654
Mazandaran,610.0,99360,36.1,53.06,Polsefid,1982-08-01,MASA,57.08846593822514
Mazandaran,-20.0,40732,36.9,50.68,Ramsar,1982-08-01,MASA,91.98461616958653
Mazandaran,23.0,40759,36.54,53.0,Sari,1982-08-01,MASA,58.84274984325444
Mazandaran,16.7,40788,36.64,53.2,Sari (Dasht-E-Naz Airport),1982-08-01,MASA,40.78886056865727
Mazandaran,1855.4,40735,36.23,51.3,Siahbisheh,1982-08-01,MASA,82.59251857723271
Mazandaran,1805.0,99361,36.07,52.84,Alasht,1982-09-01,MASA,89.76071297105648
Mazandaran,23.7,99309,36.48,52.47,Amol,1982-09-01,MASA,98.96640448745586
Mazandaran,-21.0,40736,36.7,52.64,Babolsar,1982-09-01,MASA,75.4033473032365
Mazandaran,2120.0,99357,36.2,51.8,Baladeh,1982-09-01,MASA,102.80144928869106
Mazandaran,-20.0,99306,36.86,53.39,Bandar-E-Amirabad,1982-09-01,MASA,44.69605504449703
Mazandaran,-10.0,99299,36.74,53.84,Galugah,1982-09-01,MASA,51.848515559996144
Mazandaran,14.7,40737,36.49,52.11,Gharakhil,1982-09-01,MASA,210.46026765283443
Mazandaran,1294.3,40760,36.25,53.55,Kiyasar,1982-09-01,MASA,47.75279729541637
Mazandaran,1550.0,99348,36.39,51.73,Kojur,1982-09-01,MASA,173.76238076862194
Mazandaran,-20.9,40734,36.66,51.47,Nowshahr,1982-09-01,MASA,273.669555475081
Mazandaran,610.0,99360,36.1,53.06,Polsefid,1982-09-01,MASA,62.80739574607708
Mazandaran,-20.0,40732,36.9,50.68,Ramsar,1982-09-01,MASA,266.45799695428707
Mazandaran,23.0,40759,36.54,53.0,Sari,1982-09-01,MASA,68.9592805403123
Mazandaran,16.7,40788,36.64,53.2,Sari (Dasht-E-Naz Airport),1982-09-01,MASA,56.54413967307903
Mazandaran,1855.4,40735,36.23,51.3,Siahbisheh,1982-09-01,MASA,64.21491472896435
Mazandaran,1805.0,99361,36.07,52.84,Alasht,1982-10-01,MASA,181.22952397589742
Mazandaran,23.7,99309,36.48,52.47,Amol,1982-10-01,MASA,190.71940298800527
Mazandaran,-21.0,40736,36.7,52.64,Babolsar,1982-10-01,MASA,115.65402861361562
Mazandaran,2120.0,99357,36.2,51.8,Baladeh,1982-10-01,MASA,147.0591124487406
Mazandaran,-20.0,99306,36.86,53.39,Bandar-E-Amirabad,1982-10-01,MASA,131.83479722266256
Mazandaran,-10.0,99299,36.74,53.84,Galugah,1982-10-01,MASA,178.78942157750188
Mazandaran,14.7,40737,36.49,52.11,Gharakhil,1982-10-01,MASA,273.3310308647639
Mazandaran,1294.3,40760,36.25,53.55,Kiyasar,1982-10-01,MASA,131.54752518658697
Mazandaran,1550.0,99348,36.39,51.73,Kojur,1982-10-01,MASA,205.9396054935938
Mazandaran,-20.9,40734,36.66,51.47,Nowshahr,1982-10-01,MASA,293.0985685778147
Mazandaran,610.0,99360,36.1,53.06,Polsefid,1982-10-01,MASA,172.86720838074743
Mazandaran,-20.0,40732,36.9,50.68,Ramsar,1982-10-01,MASA,403.56901999239983
Mazandaran,23.0,40759,36.54,53.0,Sari,1982-10-01,MASA,155.43152358059942
Mazandaran,16.7,40788,36.64,53.2,Sari (Dasht-E-Naz Airport),1982-10-01,MASA,143.39314367299139
Mazandaran,1855.4,40735,36.23,51.3,Siahbisheh,1982-10-01,MASA,173.08806594138204
Mazandaran,1805.0,99361,36.07,52.84,Alasht,1982-11-01,MASA,115.27459374919502
Mazandaran,23.7,99309,36.48,52.47,Amol,1982-11-01,MASA,152.48820237174598
Mazandaran,-21.0,40736,36.7,52.64,Babolsar,1982-11-01,MASA,136.02449051395027
Mazandaran,2120.0,99357,36.2,51.8,Baladeh,1982-11-01,MASA,123.42448584094612
Mazandaran,-20.0,99306,36.86,53.39,Bandar-E-Amirabad,1982-11-01,MASA,157.5678890134391
Mazandaran,-10.0,99299,36.74,53.84,Galugah,1982-11-01,MASA,106.39785281673042
Mazandaran,14.7,40737,36.49,52.11,Gharakhil,1982-11-01,MASA,234.1970657493171
Mazandaran,1294.3,40760,36.25,53.55,Kiyasar,1982-11-01,MASA,99.99784878745643
Mazandaran,1550.0,99348,36.39,51.73,Kojur,1982-11-01,MASA,154.05444852367012
Mazandaran,-20.9,40734,36.66,51.47,Nowshahr,1982-11-01,MASA,335.3174482966956
Mazandaran,610.0,99360,36.1,53.06,Polsefid,1982-11-01,MASA,101.59565559878914
Mazandaran,-20.0,40732,36.9,50.68,Ramsar,1982-11-01,MASA,340.0474344874915
Mazandaran,23.0,40759,36.54,53.0,Sari,1982-11-01,MASA,119.56335655704109
Mazandaran,16.7,40788,36.64,53.2,Sari (Dasht-E-Naz Airport),1982-11-01,MASA,117.07022837653724
Mazandaran,1855.4,40735,36.23,51.3,Siahbisheh,1982-11-01,MASA,129.24377671733467
Mazandaran,1805.0,99361,36.07,52.84,Alasht,1982-12-01,MASA,32.80396803656416
Mazandaran,23.7,99309,36.48,52.47,Amol,1982-12-01,MASA,48.37913855353193
Mazandaran,-21.0,40736,36.7,52.64,Babolsar,1982-12-01,MASA,23.71400638857679
Mazandaran,2120.0,99357,36.2,51.8,Baladeh,1982-12-01,MASA,38.089134240539835
Mazandaran,-20.0,99306,36.86,53.39,Bandar-E-Amirabad,1982-12-01,MASA,13.60528215208845
Mazandaran,-10.0,99299,36.74,53.84,Galugah,1982-12-01,MASA,17.279267752559946
Mazandaran,14.7,40737,36.49,52.11,Gharakhil,1982-12-01,MASA,72.48195304909544
Mazandaran,1294.3,40760,36.25,53.55,Kiyasar,1982-12-01,MASA,16.654611075313852
Mazandaran,1550.0,99348,36.39,51.73,Kojur,1982-12-01,MASA,28.86111333409147
Mazandaran,-20.9,40734,36.66,51.47,Nowshahr,1982-12-01,MASA,107.18880637923078
Mazandaran,610.0,99360,36.1,53.06,Polsefid,1982-12-01,MASA,26.062779570015238
Mazandaran,-20.0,40732,36.9,50.68,Ramsar,1982-12-01,MASA,100.360110843571
Mazandaran,23.0,40759,36.54,53.0,Sari,1982-12-01,MASA,23.890391433628366
Mazandaran,16.7,40788,36.64,53.2,Sari (Dasht-E-Naz Airport),1982-12-01,MASA,18.311061406524942
Mazandaran,1855.4,40735,36.23,51.3,Siahbisheh,1982-12-01,MASA,43.88582005539732
Mazandaran,1805.0,99361,36.07,52.84,Alasht,1983-01-01,MASA,81.20864567492347
Mazandaran,23.7,99309,36.48,52.47,Amol,1983-01-01,MASA,121.45893213484626
Mazandaran,-21.0,40736,36.7,52.64,Babolsar,1983-01-01,MASA,94.08597585890632
Mazandaran,2120.0,99357,36.2,51.8,Baladeh,1983-01-01,MASA,55.97326097224098
Mazandaran,-20.0,99306,36.86,53.39,Bandar-E-Amirabad,1983-01-01,MASA,104.99308941099983
Mazandaran,-10.0,99299,36.74,53.84,Galugah,1983-01-01,MASA,94.08320424292427
Mazandaran,14.7,40737,36.49,52.11,Gharakhil,1983-01-01,MASA,128.17627129290443
Mazandaran,1294.3,40760,36.25,53.55,Kiyasar,1983-01-01,MASA,67.88201567862373
Mazandaran,1550.0,99348,36.39,51.73,Kojur,1983-01-01,MASA,54.980962846020276
Mazandaran,-20.9,40734,36.66,51.47,Nowshahr,1983-01-01,MASA,198.2827180359159
Mazandaran,610.0,99360,36.1,53.06,Polsefid,1983-01-01,MASA,67.1496534082685
Mazandaran,-20.0,40732,36.9,50.68,Ramsar,1983-01-01,MASA,233.8587188455854
Mazandaran,23.0,40759,36.54,53.0,Sari,1983-01-01,MASA,89.1613059971128
Mazandaran,16.7,40788,36.64,53.2,Sari (Dasht-E-Naz Airport),1983-01-01,MASA,90.35211739275795
Mazandaran,1855.4,40735,36.23,51.3,Siahbisheh,1983-01-01,MASA,66.96532604430061
Mazandaran,1805.0,99361,36.07,52.84,Alasht,1983-02-01,MASA,34.01266291186644
Mazandaran,23.7,99309,36.48,52.47,Amol,1983-02-01,MASA,40.89433207557036
Mazandaran,-21.0,40736,36.7,52.64,Babolsar,1983-02-01,MASA,19.85331132457091
Mazandaran,2120.0,99357,36.2,51.8,Baladeh,1983-02-01,MASA,26.386174107049243
Mazandaran,-20.0,99306,36.86,53.39,Bandar-E-Amirabad,1983-02-01,MASA,19.48240652129485
Mazandaran,-10.0,99299,36.74,53.84,Galugah,1983-02-01,MASA,20.708429360841052
Mazandaran,14.7,40737,36.49,52.11,Gharakhil,1983-02-01,MASA,45.681613231156604
Mazandaran,1294.3,40760,36.25,53.55,Kiyasar,1983-02-01,MASA,23.08686330363585
Mazandaran,1550.0,99348,36.39,51.73,Kojur,1983-02-01,MASA,17.31585218951537
Mazandaran,-20.9,40734,36.66,51.47,Nowshahr,1983-02-01,MASA,75.21891846701934
Mazandaran,610.0,99360,36.1,53.06,Polsefid,1983-02-01,MASA,35.37096335933043
Mazandaran,-20.0,40732,36.9,50.68,Ramsar,1983-02-01,MASA,72.89721324488951
Mazandaran,23.0,40759,36.54,53.0,Sari,1983-02-01,MASA,24.24481763884856
Mazandaran,16.7,40788,36.64,53.2,Sari (Dasht-E-Naz Airport),1983-02-01,MASA,21.198886180375354
Mazandaran,1855.4,40735,36.23,51.3,Siahbisheh,1983-02-01,MASA,34.86567988440825
Mazandaran,1805.0,99361,36.07,52.84,Alasht,1983-03-01,MASA,73.81585677209657
Mazandaran,23.7,99309,36.48,52.47,Amol,1983-03-01,MASA,56.35421414914887
Mazandaran,-21.0,40736,36.7,52.64,Babolsar,1983-03-01,MASA,40.73062975946229
Mazandaran,2120.0,99357,36.2,51.8,Baladeh,1983-03-01,MASA,52.67826159539979
Mazandaran,-20.0,99306,36.86,53.39,Bandar-E-Amirabad,1983-03-01,MASA,61.81492348256867
Mazandaran,-10.0,99299,36.74,53.84,Galugah,1983-03-01,MASA,92.73107786718171
Mazandaran,14.7,40737,36.49,52.11,Gharakhil,1983-03-01,MASA,69.67208226266663
Mazandaran,1294.3,40760,36.25,53.55,Kiyasar,1983-03-01,MASA,83.28661759439271
Mazandaran,1550.0,99348,36.39,51.73,Kojur,1983-03-01,MASA,54.72903390470307
Mazandaran,-20.9,40734,36.66,51.47,Nowshahr,1983-03-01,MASA,66.40740175786775
Mazandaran,610.0,99360,36.1,53.06,Polsefid,1983-03-01,MASA,69.5483877235965
Mazandaran,-20.0,40732,36.9,50.68,Ramsar,1983-03-01,MASA,87.51988847795289
Mazandaran,23.0,40759,36.54,53.0,Sari,1983-03-01,MASA,65.33314724508088
Mazandaran,16.7,40788,36.64,53.2,Sari (Dasht-E-Naz Airport),1983-03-01,MASA,69.56470449510377
Mazandaran,1855.4,40735,36.23,51.3,Siahbisheh,1983-03-01,MASA,57.7661885792331
Mazandaran,1805.0,99361,36.07,52.84,Alasht,1983-04-01,MASA,85.99978625477078
Mazandaran,23.7,99309,36.48,52.47,Amol,1983-04-01,MASA,30.99183678329709
Mazandaran,-21.0,40736,36.7,52.64,Babolsar,1983-04-01,MASA,13.55840205848935
Mazandaran,2120.0,99357,36.2,51.8,Baladeh,1983-04-01,MASA,56.917592284090546
Mazandaran,-20.0,99306,36.86,53.39,Bandar-E-Amirabad,1983-04-01,MASA,18.72783839405301
Mazandaran,-10.0,99299,36.74,53.84,Galugah,1983-04-01,MASA,42.3678451746774
Mazandaran,14.7,40737,36.49,52.11,Gharakhil,1983-04-01,MASA,65.39598047436002
Mazandaran,1294.3,40760,36.25,53.55,Kiyasar,1983-04-01,MASA,48.18734466732266
Mazandaran,1550.0,99348,36.39,51.73,Kojur,1983-04-01,MASA,85.21445035637143
Mazandaran,-20.9,40734,36.66,51.47,Nowshahr,1983-04-01,MASA,49.38334166706326
Mazandaran,610.0,99360,36.1,53.06,Polsefid,1983-04-01,MASA,73.3671480387521
Mazandaran,-20.0,40732,36.9,50.68,Ramsar,1983-04-01,MASA,86.95176183880093
Mazandaran,23.0,40759,36.54,53.0,Sari,1983-04-01,MASA,20.554884669191864
Mazandaran,16.7,40788,36.64,53.2,Sari (Dasht-E-Naz Airport),1983-04-01,MASA,18.076151010401276
Mazandaran,1855.4,40735,36.23,51.3,Siahbisheh,1983-04-01,MASA,74.86039340198758
Mazandaran,1805.0,99361,36.07,52.84,Alasht,1983-05-01,MASA,203.5066927337894
Mazandaran,23.7,99309,36.48,52.47,Amol,1983-05-01,MASA,68.34353455545994
Mazandaran,-21.0,40736,36.7,52.64,Babolsar,1983-05-01,MASA,18.867194142366372
Mazandaran,2120.0,99357,36.2,51.8,Baladeh,1983-05-01,MASA,154.29779836180302
Mazandaran,-20.0,99306,36.86,53.39,Bandar-E-Amirabad,1983-05-01,MASA,29.041185464883768
Mazandaran,-10.0,99299,36.74,53.84,Galugah,1983-05-01,MASA,46.37335189821812
Mazandaran,14.7,40737,36.49,52.11,Gharakhil,1983-05-01,MASA,187.35019811632725
Mazandaran,1294.3,40760,36.25,53.55,Kiyasar,1983-05-01,MASA,74.86721822264286
Mazandaran,1550.0,99348,36.39,51.73,Kojur,1983-05-01,MASA,204.15013977530094
Mazandaran,-20.9,40734,36.66,51.47,Nowshahr,1983-05-01,MASA,77.18062349798771
Mazandaran,610.0,99360,36.1,53.06,Polsefid,1983-05-01,MASA,160.9237785005817
Mazandaran,-20.0,40732,36.9,50.68,Ramsar,1983-05-01,MASA,104.77809556963535
Mazandaran,23.0,40759,36.54,53.0,Sari,1983-05-01,MASA,41.43451103212925
Mazandaran,16.7,40788,36.64,53.2,Sari (Dasht-E-Naz Airport),1983-05-01,MASA,31.2110031509647
Mazandaran,1855.4,40735,36.23,51.3,Siahbisheh,1983-05-01,MASA,135.35614260676
Mazandaran,1805.0,99361,36.07,52.84,Alasht,1983-06-01,MASA,78.60686542761641
Mazandaran,23.7,99309,36.48,52.47,Amol,1983-06-01,MASA,44.5642984129222
Mazandaran,-21.0,40736,36.7,52.64,Babolsar,1983-06-01,MASA,15.210456273678119
Mazandaran,2120.0,99357,36.2,51.8,Baladeh,1983-06-01,MASA,86.59896912348586
Mazandaran,-20.0,99306,36.86,53.39,Bandar-E-Amirabad,1983-06-01,MASA,39.86828686964827
Mazandaran,-10.0,99299,36.74,53.84,Galugah,1983-06-01,MASA,66.53206708205062
Mazandaran,14.7,40737,36.49,52.11,Gharakhil,1983-06-01,MASA,128.97483172190505
Mazandaran,1294.3,40760,36.25,53.55,Kiyasar,1983-06-01,MASA,58.94500674975234
Mazandaran,1550.0,99348,36.39,51.73,Kojur,1983-06-01,MASA,112.28578450453597
Mazandaran,-20.9,40734,36.66,51.47,Nowshahr,1983-06-01,MASA,49.79377152693587
Mazandaran,610.0,99360,36.1,53.06,Polsefid,1983-06-01,MASA,72.40158977282363
Mazandaran,-20.0,40732,36.9,50.68,Ramsar,1983-06-01,MASA,75.62097074759322
Mazandaran,23.0,40759,36.54,53.0,Sari,1983-06-01,MASA,52.94785561335402
Mazandaran,16.7,40788,36.64,53.2,Sari (Dasht-E-Naz Airport),1983-06-01,MASA,36.282009503963764
Mazandaran,1855.4,40735,36.23,51.3,Siahbisheh,1983-06-01,MASA,67.6547056652339
Mazandaran,1805.0,99361,36.07,52.84,Alasht,1983-07-01,MASA,71.5361292747474
Mazandaran,23.7,99309,36.48,52.47,Amol,1983-07-01,MASA,25.046309390447163
Mazandaran,-21.0,40736,36.7,52.64,Babolsar,1983-07-01,MASA,12.516921320340657
Mazandaran,2120.0,99357,36.2,51.8,Baladeh,1983-07-01,MASA,74.94199828185799
Mazandaran,-20.0,99306,36.86,53.39,Bandar-E-Amirabad,1983-07-01,MASA,23.90881434955361
Mazandaran,-10.0,99299,36.74,53.84,Galugah,1983-07-01,MASA,43.51914481200936
Mazandaran,14.7,40737,36.49,52.11,Gharakhil,1983-07-01,MASA,60.83465174712899
Mazandaran,1294.3,40760,36.25,53.55,Kiyasar,1983-07-01,MASA,49.10041944064858
Mazandaran,1550.0,99348,36.39,51.73,Kojur,1983-07-01,MASA,136.6235967067695
Mazandaran,-20.9,40734,36.66,51.47,Nowshahr,1983-07-01,MASA,46.0369940189338
Mazandaran,610.0,99360,36.1,53.06,Polsefid,1983-07-01,MASA,64.73799602069619
Mazandaran,-20.0,40732,36.9,50.68,Ramsar,1983-07-01,MASA,50.89720145740273
Mazandaran,23.0,40759,36.54,53.0,Sari,1983-07-01,MASA,40.92187241592171
Mazandaran,16.7,40788,36.64,53.2,Sari (Dasht-E-Naz Airport),1983-07-01,MASA,30.902987280271077
Mazandaran,1855.4,40735,36.23,51.3,Siahbisheh,1983-07-01,MASA,49.777438798329854
Mazandaran,1805.0,99361,36.07,52.84,Alasht,1983-08-01,MASA,64.91920650851313
Mazandaran,23.7,99309,36.48,52.47,Amol,1983-08-01,MASA,58.58512521636072
Mazandaran,-21.0,40736,36.7,52.64,Babolsar,1983-08-01,MASA,20.66488862883631
Mazandaran,2120.0,99357,36.2,51.8,Baladeh,1983-08-01,MASA,90.15864432704035
Mazandaran,-20.0,99306,36.86,53.39,Bandar-E-Amirabad,1983-08-01,MASA,19.01795268904749
Mazandaran,-10.0,99299,36.74,53.84,Galugah,1983-08-01,MASA,38.34231496703211
Mazandaran,14.7,40737,36.49,52.11,Gharakhil,1983-08-01,MASA,85.99856794726435
Mazandaran,1294.3,40760,36.25,53.55,Kiyasar,1983-08-01,MASA,59.30164755236689
Mazandaran,1550.0,99348,36.39,51.73,Kojur,1983-08-01,MASA,177.01871992003504
Mazandaran,-20.9,40734,36.66,51.47,Nowshahr,1983-08-01,MASA,84.88174081694666
Mazandaran,610.0,99360,36.1,53.06,Polsefid,1983-08-01,MASA,58.114010104056035
Mazandaran,-20.0,40732,36.9,50.68,Ramsar,1983-08-01,MASA,127.19701529395167
Mazandaran,23.0,40759,36.54,53.0,Sari,1983-08-01,MASA,52.71958113562647
Mazandaran,16.7,40788,36.64,53.2,Sari (Dasht-E-Naz Airport),1983-08-01,MASA,35.480695971365606
Mazandaran,1855.4,40735,36.23,51.3,Siahbisheh,1983-08-01,MASA,70.29924095522944
Mazandaran,1805.0,99361,36.07,52.84,Alasht,1983-09-01,MASA,145.38571902558317
Mazandaran,23.7,99309,36.48,52.47,Amol,1983-09-01,MASA,118.38010617539396
Mazandaran,-21.0,40736,36.7,52.64,Babolsar,1983-09-01,MASA,63.55871924206724
Mazandaran,2120.0,99357,36.2,51.8,Baladeh,1983-09-01,MASA,103.01086970612516
Mazandaran,-20.0,99306,36.86,53.39,Bandar-E-Amirabad,1983-09-01,MASA,35.28631397530546
Mazandaran,-10.0,99299,36.74,53.84,Galugah,1983-09-01,MASA,82.96634920880308
Mazandaran,14.7,40737,36.49,52.11,Gharakhil,1983-09-01,MASA,201.4643765334796
Mazandaran,1294.3,40760,36.25,53.55,Kiyasar,1983-09-01,MASA,78.91397842213621
Mazandaran,1550.0,99348,36.39,51.73,Kojur,1983-09-01,MASA,201.20871731087675
Mazandaran,-20.9,40734,36.66,51.47,Nowshahr,1983-09-01,MASA,229.610762680025
Mazandaran,610.0,99360,36.1,53.06,Polsefid,1983-09-01,MASA,109.0370334033679
Mazandaran,-20.0,40732,36.9,50.68,Ramsar,1983-09-01,MASA,243.12313565060606
Mazandaran,23.0,40759,36.54,53.0,Sari,1983-09-01,MASA,93.1586987619113
Mazandaran,16.7,40788,36.64,53.2,Sari (Dasht-E-Naz Airport),1983-09-01,MASA,75.4391021375369
Mazandaran,1855.4,40735,36.23,51.3,Siahbisheh,1983-09-01,MASA,80.64272173687925
Mazandaran,1805.0,99361,36.07,52.84,Alasht,1983-10-01,MASA,128.9290560599703
Mazandaran,23.7,99309,36.48,52.47,Amol,1983-10-01,MASA,114.56490291322652
Mazandaran,-21.0,40736,36.7,52.64,Babolsar,1983-10-01,MASA,50.38586987222615
Mazandaran,2120.0,99357,36.2,51.8,Baladeh,1983-10-01,MASA,89.73883820737782
Mazandaran,-20.0,99306,36.86,53.39,Bandar-E-Amirabad,1983-10-01,MASA,55.42568100656453
Mazandaran,-10.0,99299,36.74,53.84,Galugah,1983-10-01,MASA,82.20212889875356
Mazandaran,14.7,40737,36.49,52.11,Gharakhil,1983-10-01,MASA,199.45109618867818
Mazandaran,1294.3,40760,36.25,53.55,Kiyasar,1983-10-01,MASA,46.337850224627886
Mazandaran,1550.0,99348,36.39,51.73,Kojur,1983-10-01,MASA,196.94528711999837
Mazandaran,-20.9,40734,36.66,51.47,Nowshahr,1983-10-01,MASA,163.33699954713765
Mazandaran,610.0,99360,36.1,53.06,Polsefid,1983-10-01,MASA,110.68276299203816
Mazandaran,-20.0,40732,36.9,50.68,Ramsar,1983-10-01,MASA,232.81005753244344
Mazandaran,23.0,40759,36.54,53.0,Sari,1983-10-01,MASA,71.99396921361867
Mazandaran,16.7,40788,36.64,53.2,Sari (Dasht-E-Naz Airport),1983-10-01,MASA,66.52248634065572
Mazandaran,1855.4,40735,36.23,51.3,Siahbisheh,1983-10-01,MASA,62.72122992242757
Mazandaran,1805.0,99361,36.07,52.84,Alasht,1983-11-01,MASA,50.31811030678668
Mazandaran,23.7,99309,36.48,52.47,Amol,1983-11-01,MASA,77.77096660904803
Mazandaran,-21.0,40736,36.7,52.64,Babolsar,1983-11-01,MASA,46.66759403519549
Mazandaran,2120.0,99357,36.2,51.8,Baladeh,1983-11-01,MASA,47.59031863980212
Mazandaran,-20.0,99306,36.86,53.39,Bandar-E-Amirabad,1983-11-01,MASA,36.72354253106036
Mazandaran,-10.0,99299,36.74,53.84,Galugah,1983-11-01,MASA,46.17025287918963
Mazandaran,14.7,40737,36.49,52.11,Gharakhil,1983-11-01,MASA,126.16879077725329
Mazandaran,1294.3,40760,36.25,53.55,Kiyasar,1983-11-01,MASA,41.05700882248797
Mazandaran,1550.0,99348,36.39,51.73,Kojur,1983-11-01,MASA,65.0798413353435
Mazandaran,-20.9,40734,36.66,51.47,Nowshahr,1983-11-01,MASA,156.61017926506915
Mazandaran,610.0,99360,36.1,53.06,Polsefid,1983-11-01,MASA,51.59524412922778
Mazandaran,-20.0,40732,36.9,50.68,Ramsar,1983-11-01,MASA,192.2773304777614
Mazandaran,23.0,40759,36.54,53.0,Sari,1983-11-01,MASA,56.13522561364093
Mazandaran,16.7,40788,36.64,53.2,Sari (Dasht-E-Naz Airport),1983-11-01,MASA,48.58076902203479
Mazandaran,1855.4,40735,36.23,51.3,Siahbisheh,1983-11-01,MASA,38.17022176556506
Mazandaran,1805.0,99361,36.07,52.84,Alasht,1983-12-01,MASA,90.62002223252463
Mazandaran,23.7,99309,36.48,52.47,Amol,1983-12-01,MASA,132.06453245400596
Mazandaran,-21.0,40736,36.7,52.64,Babolsar,1983-12-01,MASA,113.16978555440116
Mazandaran,2120.0,99357,36.2,51.8,Baladeh,1983-12-01,MASA,70.77510278939414
Mazandaran,-20.0,99306,36.86,53.39,Bandar-E-Amirabad,1983-12-01,MASA,122.59569388150382
Mazandaran,-10.0,99299,36.74,53.84,Galugah,1983-12-01,MASA,120.59251588105369
Mazandaran,14.7,40737,36.49,52.11,Gharakhil,1983-12-01,MASA,163.3020452809255
Mazandaran,1294.3,40760,36.25,53.55,Kiyasar,1983-12-01,MASA,98.38822108029532
Mazandaran,1550.0,99348,36.39,51.73,Kojur,1983-12-01,MASA,100.52799802540946
Mazandaran,-20.9,40734,36.66,51.47,Nowshahr,1983-12-01,MASA,207.95674246071982
Mazandaran,610.0,99360,36.1,53.06,Polsefid,1983-12-01,MASA,87.30439465760398
Mazandaran,-20.0,40732,36.9,50.68,Ramsar,1983-12-01,MASA,246.34576957940268
Mazandaran,23.0,40759,36.54,53.0,Sari,1983-12-01,MASA,115.78768115758109
Mazandaran,16.7,40788,36.64,53.2,Sari (Dasht-E-Naz Airport),1983-12-01,MASA,122.86613505601096
Mazandaran,1855.4,40735,36.23,51.3,Siahbisheh,1983-12-01,MASA,67.82818954705405
Mazandaran,1805.0,99361,36.07,52.84,Alasht,1984-01-01,MASA,73.88401587680349
Mazandaran,23.7,99309,36.48,52.47,Amol,1984-01-01,MASA,63.23187609389791
Mazandaran,-21.0,40736,36.7,52.64,Babolsar,1984-01-01,MASA,69.43633218482503
Mazandaran,2120.0,99357,36.2,51.8,Baladeh,1984-01-01,MASA,47.16890116408834
Mazandaran,-20.0,99306,36.86,53.39,Bandar-E-Amirabad,1984-01-01,MASA,94.51065023616323
Mazandaran,-10.0,99299,36.74,53.84,Galugah,1984-01-01,MASA,70.20518739894399
Mazandaran,14.7,40737,36.49,52.11,Gharakhil,1984-01-01,MASA,71.18580301478872
Mazandaran,1294.3,40760,36.25,53.55,Kiyasar,1984-01-01,MASA,81.626987058673
Mazandaran,1550.0,99348,36.39,51.73,Kojur,1984-01-01,MASA,49.703350264582724
Mazandaran,-20.9,40734,36.66,51.47,Nowshahr,1984-01-01,MASA,102.7993913479186
Mazandaran,610.0,99360,36.1,53.06,Polsefid,1984-01-01,MASA,74.9140884466506
Mazandaran,-20.0,40732,36.9,50.68,Ramsar,1984-01-01,MASA,138.23178966716299
Mazandaran,23.0,40759,36.54,53.0,Sari,1984-01-01,MASA,71.7044081278182
Mazandaran,16.7,40788,36.64,53.2,Sari (Dasht-E-Naz Airport),1984-01-01,MASA,82.3872443027831
Mazandaran,1855.4,40735,36.23,51.3,Siahbisheh,1984-01-01,MASA,59.042235810313315
Mazandaran,1805.0,99361,36.07,52.84,Alasht,1984-02-01,MASA,47.06381145031813
Mazandaran,23.7,99309,36.48,52.47,Amol,1984-02-01,MASA,81.23101177723768
Mazandaran,-21.0,40736,36.7,52.64,Babolsar,1984-02-01,MASA,51.80705967457655
Mazandaran,2120.0,99357,36.2,51.8,Baladeh,1984-02-01,MASA,49.71243324787977
Mazandaran,-20.0,99306,36.86,53.39,Bandar-E-Amirabad,1984-02-01,MASA,67.09439936192396
Mazandaran,-10.0,99299,36.74,53.84,Galugah,1984-02-01,MASA,70.4347777655876
Mazandaran,14.7,40737,36.49,52.11,Gharakhil,1984-02-01,MASA,90.83349886448744
Mazandaran,1294.3,40760,36.25,53.55,Kiyasar,1984-02-01,MASA,42.23446431668165
Mazandaran,1550.0,99348,36.39,51.73,Kojur,1984-02-01,MASA,56.33307877095106
Mazandaran,-20.9,40734,36.66,51.47,Nowshahr,1984-02-01,MASA,159.19917705567244
Mazandaran,610.0,99360,36.1,53.06,Polsefid,1984-02-01,MASA,40.95651093037489
Mazandaran,-20.0,40732,36.9,50.68,Ramsar,1984-02-01,MASA,248.30788257630232
Mazandaran,23.0,40759,36.54,53.0,Sari,1984-02-01,MASA,61.66346254856947
Mazandaran,16.7,40788,36.64,53.2,Sari (Dasht-E-Naz Airport),1984-02-01,MASA,61.80430832417372
Mazandaran,1855.4,40735,36.23,51.3,Siahbisheh,1984-02-01,MASA,76.8739867499626
Mazandaran,1805.0,99361,36.07,52.84,Alasht,1984-03-01,MASA,107.12280283079068
Mazandaran,23.7,99309,36.48,52.47,Amol,1984-03-01,MASA,90.52168736562649
Mazandaran,-21.0,40736,36.7,52.64,Babolsar,1984-03-01,MASA,46.23114476308743
Mazandaran,2120.0,99357,36.2,51.8,Baladeh,1984-03-01,MASA,80.90105066404263
Mazandaran,-20.0,99306,36.86,53.39,Bandar-E-Amirabad,1984-03-01,MASA,69.22289142713467
Mazandaran,-10.0,99299,36.74,53.84,Galugah,1984-03-01,MASA,102.05169925794522
Mazandaran,14.7,40737,36.49,52.11,Gharakhil,1984-03-01,MASA,105.35159120664517
Mazandaran,1294.3,40760,36.25,53.55,Kiyasar,1984-03-01,MASA,77.29733893976132
Mazandaran,1550.0,99348,36.39,51.73,Kojur,1984-03-01,MASA,68.39998970136563
Mazandaran,-20.9,40734,36.66,51.47,Nowshahr,1984-03-01,MASA,114.67022607431332
Mazandaran,610.0,99360,36.1,53.06,Polsefid,1984-03-01,MASA,103.35440347299496
Mazandaran,-20.0,40732,36.9,50.68,Ramsar,1984-03-01,MASA,125.97667584524075
Mazandaran,23.0,40759,36.54,53.0,Sari,1984-03-01,MASA,74.02924606904904
Mazandaran,16.7,40788,36.64,53.2,Sari (Dasht-E-Naz Airport),1984-03-01,MASA,67.25687692270199
Mazandaran,1855.4,40735,36.23,51.3,Siahbisheh,1984-03-01,MASA,110.126772619342
Mazandaran,1805.0,99361,36.07,52.84,Alasht,1984-04-01,MASA,144.81848352261295
Mazandaran,23.7,99309,36.48,52.47,Amol,1984-04-01,MASA,58.24875705548038
Mazandaran,-21.0,40736,36.7,52.64,Babolsar,1984-04-01,MASA,21.832166841704748
Mazandaran,2120.0,99357,36.2,51.8,Baladeh,1984-04-01,MASA,81.93465941258182
Mazandaran,-20.0,99306,36.86,53.39,Bandar-E-Amirabad,1984-04-01,MASA,34.65725355454197
Mazandaran,-10.0,99299,36.74,53.84,Galugah,1984-04-01,MASA,58.62875156708469
Mazandaran,14.7,40737,36.49,52.11,Gharakhil,1984-04-01,MASA,114.28789668389072
Mazandaran,1294.3,40760,36.25,53.55,Kiyasar,1984-04-01,MASA,62.594427397925756
Mazandaran,1550.0,99348,36.39,51.73,Kojur,1984-04-01,MASA,106.48231082268467
Mazandaran,-20.9,40734,36.66,51.47,Nowshahr,1984-04-01,MASA,106.75871246166935
Mazandaran,610.0,99360,36.1,53.06,Polsefid,1984-04-01,MASA,131.32868581124058
Mazandaran,-20.0,40732,36.9,50.68,Ramsar,1984-04-01,MASA,83.48452918835392
Mazandaran,23.0,40759,36.54,53.0,Sari,1984-04-01,MASA,46.78338640042057
Mazandaran,16.7,40788,36.64,53.2,Sari (Dasht-E-Naz Airport),1984-04-01,MASA,39.7717791111063
Mazandaran,1855.4,40735,36.23,51.3,Siahbisheh,1984-04-01,MASA,79.64974515743961
Mazandaran,1805.0,99361,36.07,52.84,Alasht,1984-05-01,MASA,246.72385077710857
Mazandaran,23.7,99309,36.48,52.47,Amol,1984-05-01,MASA,94.42221145864238
Mazandaran,-21.0,40736,36.7,52.64,Babolsar,1984-05-01,MASA,40.37865023847331
Mazandaran,2120.0,99357,36.2,51.8,Baladeh,1984-05-01,MASA,190.99022965665569
Mazandaran,-20.0,99306,36.86,53.39,Bandar-E-Amirabad,1984-05-01,MASA,38.50703459020366
Mazandaran,-10.0,99299,36.74,53.84,Galugah,1984-05-01,MASA,104.76877312894572
Mazandaran,14.7,40737,36.49,52.11,Gharakhil,1984-05-01,MASA,206.95178728337993
Mazandaran,1294.3,40760,36.25,53.55,Kiyasar,1984-05-01,MASA,132.49443989034404
Mazandaran,1550.0,99348,36.39,51.73,Kojur,1984-05-01,MASA,254.31460659738292
Mazandaran,-20.9,40734,36.66,51.47,Nowshahr,1984-05-01,MASA,109.4661257767271
Mazandaran,610.0,99360,36.1,53.06,Polsefid,1984-05-01,MASA,212.63737004037608
Mazandaran,-20.0,40732,36.9,50.68,Ramsar,1984-05-01,MASA,117.4178920292448
Mazandaran,23.0,40759,36.54,53.0,Sari,1984-05-01,MASA,89.398389270265
Mazandaran,16.7,40788,36.64,53.2,Sari (Dasht-E-Naz Airport),1984-05-01,MASA,68.66989057298412
Mazandaran,1855.4,40735,36.23,51.3,Siahbisheh,1984-05-01,MASA,167.3453948998045
Mazandaran,1805.0,99361,36.07,52.84,Alasht,1984-06-01,MASA,65.45789983096029
Mazandaran,23.7,99309,36.48,52.47,Amol,1984-06-01,MASA,55.96745457472707
Mazandaran,-21.0,40736,36.7,52.64,Babolsar,1984-06-01,MASA,22.98844303908254
Mazandaran,2120.0,99357,36.2,51.8,Baladeh,1984-06-01,MASA,74.74762644591237
Mazandaran,-20.0,99306,36.86,53.39,Bandar-E-Amirabad,1984-06-01,MASA,43.747042081974996
Mazandaran,-10.0,99299,36.74,53.84,Galugah,1984-06-01,MASA,54.918293617390646
Mazandaran,14.7,40737,36.49,52.11,Gharakhil,1984-06-01,MASA,105.43169524493123
Mazandaran,1294.3,40760,36.25,53.55,Kiyasar,1984-06-01,MASA,58.44545807661916
Mazandaran,1550.0,99348,36.39,51.73,Kojur,1984-06-01,MASA,116.56763102831746
Mazandaran,-20.9,40734,36.66,51.47,Nowshahr,1984-06-01,MASA,109.1602637988558
Mazandaran,610.0,99360,36.1,53.06,Polsefid,1984-06-01,MASA,63.982789180897726
Mazandaran,-20.0,40732,36.9,50.68,Ramsar,1984-06-01,MASA,123.33311583819295
Mazandaran,23.0,40759,36.54,53.0,Sari,1984-06-01,MASA,58.870126269482626
Mazandaran,16.7,40788,36.64,53.2,Sari (Dasht-E-Naz Airport),1984-06-01,MASA,45.84622826399709
Mazandaran,1855.4,40735,36.23,51.3,Siahbisheh,1984-06-01,MASA,54.20919205965902
Mazandaran,1805.0,99361,36.07,52.84,Alasht,1984-07-01,MASA,22.063751867424486
Mazandaran,23.7,99309,36.48,52.47,Amol,1984-07-01,MASA,29.902924945961473
Mazandaran,-21.0,40736,36.7,52.64,Babolsar,1984-07-01,MASA,4.99557440580034
Mazandaran,2120.0,99357,36.2,51.8,Baladeh,1984-07-01,MASA,57.96669905484819
Mazandaran,-20.0,99306,36.86,53.39,Bandar-E-Amirabad,1984-07-01,MASA,1.760949543129442
Mazandaran,-10.0,99299,36.74,53.84,Galugah,1984-07-01,MASA,6.5113652259221055
Mazandaran,14.7,40737,36.49,52.11,Gharakhil,1984-07-01,MASA,29.020865610252855
Mazandaran,1294.3,40760,36.25,53.55,Kiyasar,1984-07-01,MASA,26.625980785500047
Mazandaran,1550.0,99348,36.39,51.73,Kojur,1984-07-01,MASA,55.583049705635545
Mazandaran,-20.9,40734,36.66,51.47,Nowshahr,1984-07-01,MASA,48.312236717354295
Mazandaran,610.0,99360,36.1,53.06,Polsefid,1984-07-01,MASA,21.325444033752916
Mazandaran,-20.0,40732,36.9,50.68,Ramsar,1984-07-01,MASA,28.016840270172594
Mazandaran,23.0,40759,36.54,53.0,Sari,1984-07-01,MASA,29.068296006332872
Mazandaran,16.7,40788,36.64,53.2,Sari (Dasht-E-Naz Airport),1984-07-01,MASA,15.898515632759569
Mazandaran,1855.4,40735,36.23,51.3,Siahbisheh,1984-07-01,MASA,57.580863288055895
Mazandaran,1805.0,99361,36.07,52.84,Alasht,1984-08-01,MASA,102.6557232384171
Mazandaran,23.7,99309,36.48,52.47,Amol,1984-08-01,MASA,109.37857582611699
Mazandaran,-21.0,40736,36.7,52.64,Babolsar,1984-08-01,MASA,33.822744632193036
Mazandaran,2120.0,99357,36.2,51.8,Baladeh,1984-08-01,MASA,94.4549585823502
Mazandaran,-20.0,99306,36.86,53.39,Bandar-E-Amirabad,1984-08-01,MASA,30.79710855526585
Mazandaran,-10.0,99299,36.74,53.84,Galugah,1984-08-01,MASA,68.32386508030552
Mazandaran,14.7,40737,36.49,52.11,Gharakhil,1984-08-01,MASA,149.7642244343247
Mazandaran,1294.3,40760,36.25,53.55,Kiyasar,1984-08-01,MASA,90.67842319054265
Mazandaran,1550.0,99348,36.39,51.73,Kojur,1984-08-01,MASA,179.38074424309391
Mazandaran,-20.9,40734,36.66,51.47,Nowshahr,1984-08-01,MASA,145.78968241257328
Mazandaran,610.0,99360,36.1,53.06,Polsefid,1984-08-01,MASA,79.6776558403458
Mazandaran,-20.0,40732,36.9,50.68,Ramsar,1984-08-01,MASA,174.3582035545792
Mazandaran,23.0,40759,36.54,53.0,Sari,1984-08-01,MASA,82.52170636696476
Mazandaran,16.7,40788,36.64,53.2,Sari (Dasht-E-Naz Airport),1984-08-01,MASA,52.85330071491856
Mazandaran,1855.4,40735,36.23,51.3,Siahbisheh,1984-08-01,MASA,60.44687285465855
Mazandaran,1805.0,99361,36.07,52.84,Alasht,1984-09-01,MASA,72.14757362025281
Mazandaran,23.7,99309,36.48,52.47,Amol,1984-09-01,MASA,35.87682852166196
Mazandaran,-21.0,40736,36.7,52.64,Babolsar,1984-09-01,MASA,9.26461377757093
Mazandaran,2120.0,99357,36.2,51.8,Baladeh,1984-09-01,MASA,64.22385880368253
Mazandaran,-20.0,99306,36.86,53.39,Bandar-E-Amirabad,1984-09-01,MASA,7.9308108391096255
Mazandaran,-10.0,99299,36.74,53.84,Galugah,1984-09-01,MASA,31.77023985999128
Mazandaran,14.7,40737,36.49,52.11,Gharakhil,1984-09-01,MASA,97.86144951003095
Mazandaran,1294.3,40760,36.25,53.55,Kiyasar,1984-09-01,MASA,30.69090405123731
Mazandaran,1550.0,99348,36.39,51.73,Kojur,1984-09-01,MASA,101.66503795998594
Mazandaran,-20.9,40734,36.66,51.47,Nowshahr,1984-09-01,MASA,36.53694251196882
Mazandaran,610.0,99360,36.1,53.06,Polsefid,1984-09-01,MASA,53.34519901888868
Mazandaran,-20.0,40732,36.9,50.68,Ramsar,1984-09-01,MASA,31.85263583081266
Mazandaran,23.0,40759,36.54,53.0,Sari,1984-09-01,MASA,28.65322986262342
Mazandaran,16.7,40788,36.64,53.2,Sari (Dasht-E-Naz Airport),1984-09-01,MASA,16.458223849706854
Mazandaran,1855.4,40735,36.23,51.3,Siahbisheh,1984-09-01,MASA,37.14965590851804
Mazandaran,1805.0,99361,36.07,52.84,Alasht,1984-10-01,MASA,111.78314138337342
Mazandaran,23.7,99309,36.48,52.47,Amol,1984-10-01,MASA,203.2787894098398
Mazandaran,-21.0,40736,36.7,52.64,Babolsar,1984-10-01,MASA,158.0838953344461
Mazandaran,2120.0,99357,36.2,51.8,Baladeh,1984-10-01,MASA,128.81701637192933
Mazandaran,-20.0,99306,36.86,53.39,Bandar-E-Amirabad,1984-10-01,MASA,139.0656774131891
Mazandaran,-10.0,99299,36.74,53.84,Galugah,1984-10-01,MASA,119.13294542714326
Mazandaran,14.7,40737,36.49,52.11,Gharakhil,1984-10-01,MASA,275.10198403283323
Mazandaran,1294.3,40760,36.25,53.55,Kiyasar,1984-10-01,MASA,98.35645008965699
Mazandaran,1550.0,99348,36.39,51.73,Kojur,1984-10-01,MASA,183.2422708360788
Mazandaran,-20.9,40734,36.66,51.47,Nowshahr,1984-10-01,MASA,425.36374379082883
Mazandaran,610.0,99360,36.1,53.06,Polsefid,1984-10-01,MASA,106.4997558681604
Mazandaran,-20.0,40732,36.9,50.68,Ramsar,1984-10-01,MASA,334.7372506944772
Mazandaran,23.0,40759,36.54,53.0,Sari,1984-10-01,MASA,137.83105660363404
Mazandaran,16.7,40788,36.64,53.2,Sari (Dasht-E-Naz Airport),1984-10-01,MASA,129.21007920190064
Mazandaran,1855.4,40735,36.23,51.3,Siahbisheh,1984-10-01,MASA,139.39296651765076
Mazandaran,1805.0,99361,36.07,52.84,Alasht,1984-11-01,MASA,173.33185097125536
Mazandaran,23.7,99309,36.48,52.47,Amol,1984-11-01,MASA,201.25020464805132
Mazandaran,-21.0,40736,36.7,52.64,Babolsar,1984-11-01,MASA,125.68458339122301
Mazandaran,2120.0,99357,36.2,51.8,Baladeh,1984-11-01,MASA,113.5616244926787
Mazandaran,-20.0,99306,36.86,53.39,Bandar-E-Amirabad,1984-11-01,MASA,129.19890304950243
Mazandaran,-10.0,99299,36.74,53.84,Galugah,1984-11-01,MASA,149.43096956161028
Mazandaran,14.7,40737,36.49,52.11,Gharakhil,1984-11-01,MASA,274.1476984873152
Mazandaran,1294.3,40760,36.25,53.55,Kiyasar,1984-11-01,MASA,103.71782800105578
Mazandaran,1550.0,99348,36.39,51.73,Kojur,1984-11-01,MASA,156.45013173964983
Mazandaran,-20.9,40734,36.66,51.47,Nowshahr,1984-11-01,MASA,395.2544870033598
Mazandaran,610.0,99360,36.1,53.06,Polsefid,1984-11-01,MASA,151.47089382556445
Mazandaran,-20.0,40732,36.9,50.68,Ramsar,1984-11-01,MASA,472.10110148337844
Mazandaran,23.0,40759,36.54,53.0,Sari,1984-11-01,MASA,146.87097987082964
Mazandaran,16.7,40788,36.64,53.2,Sari (Dasht-E-Naz Airport),1984-11-01,MASA,127.03138014224535
Mazandaran,1855.4,40735,36.23,51.3,Siahbisheh,1984-11-01,MASA,117.50655790713793
Mazandaran,1805.0,99361,36.07,52.84,Alasht,1984-12-01,MASA,49.69146680799952
Mazandaran,23.7,99309,36.48,52.47,Amol,1984-12-01,MASA,102.91929376093378
Mazandaran,-21.0,40736,36.7,52.64,Babolsar,1984-12-01,MASA,84.4001753327035
Mazandaran,2120.0,99357,36.2,51.8,Baladeh,1984-12-01,MASA,46.483425616898444
Mazandaran,-20.0,99306,36.86,53.39,Bandar-E-Amirabad,1984-12-01,MASA,103.70297563044062
Mazandaran,-10.0,99299,36.74,53.84,Galugah,1984-12-01,MASA,83.88067615000239
Mazandaran,14.7,40737,36.49,52.11,Gharakhil,1984-12-01,MASA,133.630139946618
Mazandaran,1294.3,40760,36.25,53.55,Kiyasar,1984-12-01,MASA,66.34923648802271
Mazandaran,1550.0,99348,36.39,51.73,Kojur,1984-12-01,MASA,64.50618636576166
Mazandaran,-20.9,40734,36.66,51.47,Nowshahr,1984-12-01,MASA,245.42403054205408
Mazandaran,610.0,99360,36.1,53.06,Polsefid,1984-12-01,MASA,50.22486877409449
Mazandaran,-20.0,40732,36.9,50.68,Ramsar,1984-12-01,MASA,322.0971657034539
Mazandaran,23.0,40759,36.54,53.0,Sari,1984-12-01,MASA,74.67949223486414
Mazandaran,16.7,40788,36.64,53.2,Sari (Dasht-E-Naz Airport),1984-12-01,MASA,78.2210959192895
Mazandaran,1855.4,40735,36.23,51.3,Siahbisheh,1984-12-01,MASA,61.74456906286707
Mazandaran,1805.0,99361,36.07,52.84,Alasht,1985-01-01,MASA,27.63654044275654
Mazandaran,23.7,99309,36.48,52.47,Amol,1985-01-01,MASA,51.85514441137684
Mazandaran,-21.0,40736,36.7,52.64,Babolsar,1985-01-01,MASA,36.72946742182148
Mazandaran,2120.0,99357,36.2,51.8,Baladeh,1985-01-01,MASA,41.02012267713917
Mazandaran,-20.0,99306,36.86,53.39,Bandar-E-Amirabad,1985-01-01,MASA,42.4008493721999
Mazandaran,-10.0,99299,36.74,53.84,Galugah,1985-01-01,MASA,42.577040702155955
Mazandaran,14.7,40737,36.49,52.11,Gharakhil,1985-01-01,MASA,66.21853759889973
Mazandaran,1294.3,40760,36.25,53.55,Kiyasar,1985-01-01,MASA,24.829295784286387
Mazandaran,1550.0,99348,36.39,51.73,Kojur,1985-01-01,MASA,32.190067082694895
Mazandaran,-20.9,40734,36.66,51.47,Nowshahr,1985-01-01,MASA,96.9599758685149
Mazandaran,610.0,99360,36.1,53.06,Polsefid,1985-01-01,MASA,24.63020136957539
Mazandaran,-20.0,40732,36.9,50.68,Ramsar,1985-01-01,MASA,163.2649873793639
Mazandaran,23.0,40759,36.54,53.0,Sari,1985-01-01,MASA,42.94953992967976
Mazandaran,16.7,40788,36.64,53.2,Sari (Dasht-E-Naz Airport),1985-01-01,MASA,39.570716530135996
Mazandaran,1855.4,40735,36.23,51.3,Siahbisheh,1985-01-01,MASA,65.40904691820515
Mazandaran,1805.0,99361,36.07,52.84,Alasht,1985-02-01,MASA,131.12864729131246
Mazandaran,23.7,99309,36.48,52.47,Amol,1985-02-01,MASA,157.16798689330602
Mazandaran,-21.0,40736,36.7,52.64,Babolsar,1985-02-01,MASA,85.87981846297765
Mazandaran,2120.0,99357,36.2,51.8,Baladeh,1985-02-01,MASA,90.45872923100973
Mazandaran,-20.0,99306,36.86,53.39,Bandar-E-Amirabad,1985-02-01,MASA,121.96534212792898
Mazandaran,-10.0,99299,36.74,53.84,Galugah,1985-02-01,MASA,116.11283656323934
Mazandaran,14.7,40737,36.49,52.11,Gharakhil,1985-02-01,MASA,189.0233018633225
Mazandaran,1294.3,40760,36.25,53.55,Kiyasar,1985-02-01,MASA,78.4578629967072
Mazandaran,1550.0,99348,36.39,51.73,Kojur,1985-02-01,MASA,119.24246784413839
Mazandaran,-20.9,40734,36.66,51.47,Nowshahr,1985-02-01,MASA,202.29172047341848
Mazandaran,610.0,99360,36.1,53.06,Polsefid,1985-02-01,MASA,107.72965189183736
Mazandaran,-20.0,40732,36.9,50.68,Ramsar,1985-02-01,MASA,227.0235204335549
Mazandaran,23.0,40759,36.54,53.0,Sari,1985-02-01,MASA,110.10845836366201
Mazandaran,16.7,40788,36.64,53.2,Sari (Dasht-E-Naz Airport),1985-02-01,MASA,104.64643772805715
Mazandaran,1855.4,40735,36.23,51.3,Siahbisheh,1985-02-01,MASA,91.01805921758199
Mazandaran,1805.0,99361,36.07,52.84,Alasht,1985-03-01,MASA,62.56751162957386
Mazandaran,23.7,99309,36.48,52.47,Amol,1985-03-01,MASA,79.02381761025623
Mazandaran,-21.0,40736,36.7,52.64,Babolsar,1985-03-01,MASA,49.267398249618566
Mazandaran,2120.0,99357,36.2,51.8,Baladeh,1985-03-01,MASA,57.44195921372608
Mazandaran,-20.0,99306,36.86,53.39,Bandar-E-Amirabad,1985-03-01,MASA,54.13393123101429
Mazandaran,-10.0,99299,36.74,53.84,Galugah,1985-03-01,MASA,52.073368858806646
Mazandaran,14.7,40737,36.49,52.11,Gharakhil,1985-03-01,MASA,106.57199664067463
Mazandaran,1294.3,40760,36.25,53.55,Kiyasar,1985-03-01,MASA,46.242820155136144
Mazandaran,1550.0,99348,36.39,51.73,Kojur,1985-03-01,MASA,65.22079749058918
Mazandaran,-20.9,40734,36.66,51.47,Nowshahr,1985-03-01,MASA,131.49321271132663
Mazandaran,610.0,99360,36.1,53.06,Polsefid,1985-03-01,MASA,57.843448650352514
Mazandaran,-20.0,40732,36.9,50.68,Ramsar,1985-03-01,MASA,158.51304871987537
Mazandaran,23.0,40759,36.54,53.0,Sari,1985-03-01,MASA,51.75696505259708
Mazandaran,16.7,40788,36.64,53.2,Sari (Dasht-E-Naz Airport),1985-03-01,MASA,53.140180241577184
Mazandaran,1855.4,40735,36.23,51.3,Siahbisheh,1985-03-01,MASA,78.49677843999103
Mazandaran,1805.0,99361,36.07,52.84,Alasht,1985-04-01,MASA,148.20724772037508
Mazandaran,23.7,99309,36.48,52.47,Amol,1985-04-01,MASA,34.045771227493304
Mazandaran,-21.0,40736,36.7,52.64,Babolsar,1985-04-01,MASA,11.908665762558002
Mazandaran,2120.0,99357,36.2,51.8,Baladeh,1985-04-01,MASA,68.59661685050966
Mazandaran,-20.0,99306,36.86,53.39,Bandar-E-Amirabad,1985-04-01,MASA,15.152603850975055
Mazandaran,-10.0,99299,36.74,53.84,Galugah,1985-04-01,MASA,59.40578924240114
Mazandaran,14.7,40737,36.49,52.11,Gharakhil,1985-04-01,MASA,80.74310468257906
Mazandaran,1294.3,40760,36.25,53.55,Kiyasar,1985-04-01,MASA,64.52043400825502
Mazandaran,1550.0,99348,36.39,51.73,Kojur,1985-04-01,MASA,113.11772512020113
Mazandaran,-20.9,40734,36.66,51.47,Nowshahr,1985-04-01,MASA,46.67730675758364
Mazandaran,610.0,99360,36.1,53.06,Polsefid,1985-04-01,MASA,135.16376958908083
Mazandaran,-20.0,40732,36.9,50.68,Ramsar,1985-04-01,MASA,54.91268681110384
Mazandaran,23.0,40759,36.54,53.0,Sari,1985-04-01,MASA,30.142471657409686
Mazandaran,16.7,40788,36.64,53.2,Sari (Dasht-E-Naz Airport),1985-04-01,MASA,25.550649033203143
Mazandaran,1855.4,40735,36.23,51.3,Siahbisheh,1985-04-01,MASA,62.740356193199176
Mazandaran,1805.0,99361,36.07,52.84,Alasht,1985-05-01,MASA,164.77616988206734
Mazandaran,23.7,99309,36.48,52.47,Amol,1985-05-01,MASA,23.108677194365157
Mazandaran,-21.0,40736,36.7,52.64,Babolsar,1985-05-01,MASA,2.9347475626551045
Mazandaran,2120.0,99357,36.2,51.8,Baladeh,1985-05-01,MASA,105.21340482021202
Mazandaran,-20.0,99306,36.86,53.39,Bandar-E-Amirabad,1985-05-01,MASA,2.7426194408022297
Mazandaran,-10.0,99299,36.74,53.84,Galugah,1985-05-01,MASA,14.864945039995803
Mazandaran,14.7,40737,36.49,52.11,Gharakhil,1985-05-01,MASA,94.90592144513954
Mazandaran,1294.3,40760,36.25,53.55,Kiyasar,1985-05-01,MASA,47.76179157281746
Mazandaran,1550.0,99348,36.39,51.73,Kojur,1985-05-01,MASA,118.68560426021446
Mazandaran,-20.9,40734,36.66,51.47,Nowshahr,1985-05-01,MASA,27.231746540316237
Mazandaran,610.0,99360,36.1,53.06,Polsefid,1985-05-01,MASA,112.81049363399376
Mazandaran,-20.0,40732,36.9,50.68,Ramsar,1985-05-01,MASA,37.04158328557838
Mazandaran,23.0,40759,36.54,53.0,Sari,1985-05-01,MASA,13.454661891707076
Mazandaran,16.7,40788,36.64,53.2,Sari (Dasht-E-Naz Airport),1985-05-01,MASA,7.9838421204172505
Mazandaran,1855.4,40735,36.23,51.3,Siahbisheh,1985-05-01,MASA,113.31154517913689
Mazandaran,1805.0,99361,36.07,52.84,Alasht,1985-06-01,MASA,53.12845306046654
Mazandaran,23.7,99309,36.48,52.47,Amol,1985-06-01,MASA,31.635882421809924
Mazandaran,-21.0,40736,36.7,52.64,Babolsar,1985-06-01,MASA,5.057754083949817
Mazandaran,2120.0,99357,36.2,51.8,Baladeh,1985-06-01,MASA,103.34286288865258
Mazandaran,-20.0,99306,36.86,53.39,Bandar-E-Amirabad,1985-06-01,MASA,5.055831834155811
Mazandaran,-10.0,99299,36.74,53.84,Galugah,1985-06-01,MASA,12.813719078380359
Mazandaran,14.7,40737,36.49,52.11,Gharakhil,1985-06-01,MASA,82.79627756722618
Mazandaran,1294.3,40760,36.25,53.55,Kiyasar,1985-06-01,MASA,25.434510871249927
Mazandaran,1550.0,99348,36.39,51.73,Kojur,1985-06-01,MASA,140.0176902259176
Mazandaran,-20.9,40734,36.66,51.47,Nowshahr,1985-06-01,MASA,39.178298875171436
Mazandaran,610.0,99360,36.1,53.06,Polsefid,1985-06-01,MASA,34.62870614178826
Mazandaran,-20.0,40732,36.9,50.68,Ramsar,1985-06-01,MASA,38.908513351756824
Mazandaran,23.0,40759,36.54,53.0,Sari,1985-06-01,MASA,20.206080838519824
Mazandaran,16.7,40788,36.64,53.2,Sari (Dasht-E-Naz Airport),1985-06-01,MASA,10.206969543773425
Mazandaran,1855.4,40735,36.23,51.3,Siahbisheh,1985-06-01,MASA,94.43856970914055
Mazandaran,1805.0,99361,36.07,52.84,Alasht,1985-07-01,MASA,43.99799297046059
Mazandaran,23.7,99309,36.48,52.47,Amol,1985-07-01,MASA,55.469964839929276
Mazandaran,-21.0,40736,36.7,52.64,Babolsar,1985-07-01,MASA,9.504069783204727
Mazandaran,2120.0,99357,36.2,51.8,Baladeh,1985-07-01,MASA,80.09669671248787
Mazandaran,-20.0,99306,36.86,53.39,Bandar-E-Amirabad,1985-07-01,MASA,13.99477312754982
Mazandaran,-10.0,99299,36.74,53.84,Galugah,1985-07-01,MASA,33.50769469928139
Mazandaran,14.7,40737,36.49,52.11,Gharakhil,1985-07-01,MASA,94.79056785296791
Mazandaran,1294.3,40760,36.25,53.55,Kiyasar,1985-07-01,MASA,49.594898917192154
Mazandaran,1550.0,99348,36.39,51.73,Kojur,1985-07-01,MASA,127.13741252612465
Mazandaran,-20.9,40734,36.66,51.47,Nowshahr,1985-07-01,MASA,44.07631347369545
Mazandaran,610.0,99360,36.1,53.06,Polsefid,1985-07-01,MASA,38.960223295205765
Mazandaran,-20.0,40732,36.9,50.68,Ramsar,1985-07-01,MASA,66.5148545284211
Mazandaran,23.0,40759,36.54,53.0,Sari,1985-07-01,MASA,43.51154456328743
Mazandaran,16.7,40788,36.64,53.2,Sari (Dasht-E-Naz Airport),1985-07-01,MASA,28.905754186624222
Mazandaran,1855.4,40735,36.23,51.3,Siahbisheh,1985-07-01,MASA,50.164167978280716
Mazandaran,1805.0,99361,36.07,52.84,Alasht,1985-08-01,MASA,75.35382139822389
Mazandaran,23.7,99309,36.48,52.47,Amol,1985-08-01,MASA,46.878939153160104
Mazandaran,-21.0,40736,36.7,52.64,Babolsar,1985-08-01,MASA,31.23832273622895
Mazandaran,2120.0,99357,36.2,51.8,Baladeh,1985-08-01,MASA,150.98113346239472
Mazandaran,-20.0,99306,36.86,53.39,Bandar-E-Amirabad,1985-08-01,MASA,29.185881496871957
Mazandaran,-10.0,99299,36.74,53.84,Galugah,1985-08-01,MASA,24.189581753219613
Mazandaran,14.7,40737,36.49,52.11,Gharakhil,1985-08-01,MASA,94.72294676443482
Mazandaran,1294.3,40760,36.25,53.55,Kiyasar,1985-08-01,MASA,61.85932982107545
Mazandaran,1550.0,99348,36.39,51.73,Kojur,1985-08-01,MASA,125.92502463003541
Mazandaran,-20.9,40734,36.66,51.47,Nowshahr,1985-08-01,MASA,80.27017641207124
Mazandaran,610.0,99360,36.1,53.06,Polsefid,1985-08-01,MASA,53.421666504348764
Mazandaran,-20.0,40732,36.9,50.68,Ramsar,1985-08-01,MASA,80.36310005327607
Mazandaran,23.0,40759,36.54,53.0,Sari,1985-08-01,MASA,44.13106072088624
Mazandaran,16.7,40788,36.64,53.2,Sari (Dasht-E-Naz Airport),1985-08-01,MASA,35.66831874987031
Mazandaran,1855.4,40735,36.23,51.3,Siahbisheh,1985-08-01,MASA,146.94206941267396
Mazandaran,1805.0,99361,36.07,52.84,Alasht,1985-09-01,MASA,137.4714778252546
Mazandaran,23.7,99309,36.48,52.47,Amol,1985-09-01,MASA,113.9266745634977
Mazandaran,-21.0,40736,36.7,52.64,Babolsar,1985-09-01,MASA,39.57242830476204
Mazandaran,2120.0,99357,36.2,51.8,Baladeh,1985-09-01,MASA,123.00632460793892
Mazandaran,-20.0,99306,36.86,53.39,Bandar-E-Amirabad,1985-09-01,MASA,42.67333014687935
Mazandaran,-10.0,99299,36.74,53.84,Galugah,1985-09-01,MASA,75.56618316850106
Mazandaran,14.7,40737,36.49,52.11,Gharakhil,1985-09-01,MASA,228.87375517568032
Mazandaran,1294.3,40760,36.25,53.55,Kiyasar,1985-09-01,MASA,57.488154012769854
Mazandaran,1550.0,99348,36.39,51.73,Kojur,1985-09-01,MASA,265.8549354859297
Mazandaran,-20.9,40734,36.66,51.47,Nowshahr,1985-09-01,MASA,133.2539574690763
Mazandaran,610.0,99360,36.1,53.06,Polsefid,1985-09-01,MASA,118.48160191258827
Mazandaran,-20.0,40732,36.9,50.68,Ramsar,1985-09-01,MASA,162.67868443211952
Mazandaran,23.0,40759,36.54,53.0,Sari,1985-09-01,MASA,76.04457004746834
Mazandaran,16.7,40788,36.64,53.2,Sari (Dasht-E-Naz Airport),1985-09-01,MASA,53.61993177613655
Mazandaran,1855.4,40735,36.23,51.3,Siahbisheh,1985-09-01,MASA,60.1045594998304
Mazandaran,1805.0,99361,36.07,52.84,Alasht,1985-10-01,MASA,143.95341071779555
Mazandaran,23.7,99309,36.48,52.47,Amol,1985-10-01,MASA,144.0586650698883
Mazandaran,-21.0,40736,36.7,52.64,Babolsar,1985-10-01,MASA,91.57756510670012
Mazandaran,2120.0,99357,36.2,51.8,Baladeh,1985-10-01,MASA,102.72870752508467
Mazandaran,-20.0,99306,36.86,53.39,Bandar-E-Amirabad,1985-10-01,MASA,101.84222999508208
Mazandaran,-10.0,99299,36.74,53.84,Galugah,1985-10-01,MASA,106.58947918112105
Mazandaran,14.7,40737,36.49,52.11,Gharakhil,1985-10-01,MASA,216.13405439550704
Mazandaran,1294.3,40760,36.25,53.55,Kiyasar,1985-10-01,MASA,87.75537255699462
Mazandaran,1550.0,99348,36.39,51.73,Kojur,1985-10-01,MASA,171.368760797332
Mazandaran,-20.9,40734,36.66,51.47,Nowshahr,1985-10-01,MASA,257.01573285753557
Mazandaran,610.0,99360,36.1,53.06,Polsefid,1985-10-01,MASA,110.52193287308043
Mazandaran,-20.0,40732,36.9,50.68,Ramsar,1985-10-01,MASA,371.8196505635483
Mazandaran,23.0,40759,36.54,53.0,Sari,1985-10-01,MASA,121.8210140197975
Mazandaran,16.7,40788,36.64,53.2,Sari (Dasht-E-Naz Airport),1985-10-01,MASA,105.09540680343932
Mazandaran,1855.4,40735,36.23,51.3,Siahbisheh,1985-10-01,MASA,88.77188507015532
Mazandaran,1805.0,99361,36.07,52.84,Alasht,1985-11-01,MASA,93.40692179474885
Mazandaran,23.7,99309,36.48,52.47,Amol,1985-11-01,MASA,82.37064497742708
Mazandaran,-21.0,40736,36.7,52.64,Babolsar,1985-11-01,MASA,40.18277542862947
Mazandaran,2120.0,99357,36.2,51.8,Baladeh,1985-11-01,MASA,87.21094446454103
Mazandaran,-20.0,99306,36.86,53.39,Bandar-E-Amirabad,1985-11-01,MASA,25.474360754824232
Mazandaran,-10.0,99299,36.74,53.84,Galugah,1985-11-01,MASA,33.87070315156038
Mazandaran,14.7,40737,36.49,52.11,Gharakhil,1985-11-01,MASA,152.19614522728975
Mazandaran,1294.3,40760,36.25,53.55,Kiyasar,1985-11-01,MASA,34.143141081667494
Mazandaran,1550.0,99348,36.39,51.73,Kojur,1985-11-01,MASA,126.06338279519136
Mazandaran,-20.9,40734,36.66,51.47,Nowshahr,1985-11-01,MASA,183.98002403054292
Mazandaran,610.0,99360,36.1,53.06,Polsefid,1985-11-01,MASA,66.13407151970918
Mazandaran,-20.0,40732,36.9,50.68,Ramsar,1985-11-01,MASA,274.82291178975163
Mazandaran,23.0,40759,36.54,53.0,Sari,1985-11-01,MASA,42.06285493645723
Mazandaran,16.7,40788,36.64,53.2,Sari (Dasht-E-Naz Airport),1985-11-01,MASA,32.58826451573427
Mazandaran,1855.4,40735,36.23,51.3,Siahbisheh,1985-11-01,MASA,71.0468800571924
Mazandaran,1805.0,99361,36.07,52.84,Alasht,1985-12-01,MASA,96.31121185053004
Mazandaran,23.7,99309,36.48,52.47,Amol,1985-12-01,MASA,143.88960626352443
Mazandaran,-21.0,40736,36.7,52.64,Babolsar,1985-12-01,MASA,100.49191143739833
Mazandaran,2120.0,99357,36.2,51.8,Baladeh,1985-12-01,MASA,101.69324305284633
Mazandaran,-20.0,99306,36.86,53.39,Bandar-E-Amirabad,1985-12-01,MASA,113.53746083009852
Mazandaran,-10.0,99299,36.74,53.84,Galugah,1985-12-01,MASA,98.44529655206813
Mazandaran,14.7,40737,36.49,52.11,Gharakhil,1985-12-01,MASA,184.05486669767512
Mazandaran,1294.3,40760,36.25,53.55,Kiyasar,1985-12-01,MASA,94.24649205434932
Mazandaran,1550.0,99348,36.39,51.73,Kojur,1985-12-01,MASA,109.50107898939265
Mazandaran,-20.9,40734,36.66,51.47,Nowshahr,1985-12-01,MASA,287.7394112609686
Mazandaran,610.0,99360,36.1,53.06,Polsefid,1985-12-01,MASA,88.58142819631709
Mazandaran,-20.0,40732,36.9,50.68,Ramsar,1985-12-01,MASA,354.2663457654776
Mazandaran,23.0,40759,36.54,53.0,Sari,1985-12-01,MASA,123.41403987634791
Mazandaran,16.7,40788,36.64,53.2,Sari (Dasht-E-Naz Airport),1985-12-01,MASA,110.43500926721705
Mazandaran,1855.4,40735,36.23,51.3,Siahbisheh,1985-12-01,MASA,123.72343268621577
Mazandaran,1805.0,99361,36.07,52.84,Alasht,1986-01-01,MASA,55.72422125563392
Mazandaran,23.7,99309,36.48,52.47,Amol,1986-01-01,MASA,88.84196260199317
Mazandaran,-21.0,40736,36.7,52.64,Babolsar,1986-01-01,MASA,84.00881567225227
Mazandaran,2120.0,99357,36.2,51.8,Baladeh,1986-01-01,MASA,44.5456383489109
Mazandaran,-20.0,99306,36.86,53.39,Bandar-E-Amirabad,1986-01-01,MASA,75.78659334406623
Mazandaran,-10.0,99299,36.74,53.84,Galugah,1986-01-01,MASA,79.46372308954963
Mazandaran,14.7,40737,36.49,52.11,Gharakhil,1986-01-01,MASA,102.41866388544807
Mazandaran,1294.3,40760,36.25,53.55,Kiyasar,1986-01-01,MASA,66.23803355917701
Mazandaran,1550.0,99348,36.39,51.73,Kojur,1986-01-01,MASA,60.553449179980845
Mazandaran,-20.9,40734,36.66,51.47,Nowshahr,1986-01-01,MASA,140.74899533018836
Mazandaran,610.0,99360,36.1,53.06,Polsefid,1986-01-01,MASA,59.06883158907661
Mazandaran,-20.0,40732,36.9,50.68,Ramsar,1986-01-01,MASA,148.61145892367134
Mazandaran,23.0,40759,36.54,53.0,Sari,1986-01-01,MASA,80.25720992312202
Mazandaran,16.7,40788,36.64,53.2,Sari (Dasht-E-Naz Airport),1986-01-01,MASA,83.54872741923103
Mazandaran,1855.4,40735,36.23,51.3,Siahbisheh,1986-01-01,MASA,44.813933756206126
Mazandaran,1805.0,99361,36.07,52.84,Alasht,1986-02-01,MASA,49.25379956320697
Mazandaran,23.7,99309,36.48,52.47,Amol,1986-02-01,MASA,79.0294339712041
Mazandaran,-21.0,40736,36.7,52.64,Babolsar,1986-02-01,MASA,57.65872502879077
Mazandaran,2120.0,99357,36.2,51.8,Baladeh,1986-02-01,MASA,42.237572913922605
Mazandaran,-20.0,99306,36.86,53.39,Bandar-E-Amirabad,1986-02-01,MASA,73.13618863181048
Mazandaran,-10.0,99299,36.74,53.84,Galugah,1986-02-01,MASA,77.77901793078357
Mazandaran,14.7,40737,36.49,52.11,Gharakhil,1986-02-01,MASA,83.54540968493396
Mazandaran,1294.3,40760,36.25,53.55,Kiyasar,1986-02-01,MASA,60.629331117429075
Mazandaran,1550.0,99348,36.39,51.73,Kojur,1986-02-01,MASA,40.82382524565631
Mazandaran,-20.9,40734,36.66,51.47,Nowshahr,1986-02-01,MASA,126.69379318312579
Mazandaran,610.0,99360,36.1,53.06,Polsefid,1986-02-01,MASA,48.18371737555438
Mazandaran,-20.0,40732,36.9,50.68,Ramsar,1986-02-01,MASA,126.97193825797015
Mazandaran,23.0,40759,36.54,53.0,Sari,1986-02-01,MASA,71.3542481716054
Mazandaran,16.7,40788,36.64,53.2,Sari (Dasht-E-Naz Airport),1986-02-01,MASA,72.65650535181933
Mazandaran,1855.4,40735,36.23,51.3,Siahbisheh,1986-02-01,MASA,50.15244389132434
Mazandaran,1805.0,99361,36.07,52.84,Alasht,1986-03-01,MASA,98.33581166330418
Mazandaran,23.7,99309,36.48,52.47,Amol,1986-03-01,MASA,104.5819314009293
Mazandaran,-21.0,40736,36.7,52.64,Babolsar,1986-03-01,MASA,64.87157361570439
Mazandaran,2120.0,99357,36.2,51.8,Baladeh,1986-03-01,MASA,64.474815297757
Mazandaran,-20.0,99306,36.86,53.39,Bandar-E-Amirabad,1986-03-01,MASA,86.9418026692017
Mazandaran,-10.0,99299,36.74,53.84,Galugah,1986-03-01,MASA,91.09919683996281
Mazandaran,14.7,40737,36.49,52.11,Gharakhil,1986-03-01,MASA,110.15635149541936
Mazandaran,1294.3,40760,36.25,53.55,Kiyasar,1986-03-01,MASA,100.2695204502686
Mazandaran,1550.0,99348,36.39,51.73,Kojur,1986-03-01,MASA,76.75498144689641
Mazandaran,-20.9,40734,36.66,51.47,Nowshahr,1986-03-01,MASA,126.92090289655766
Mazandaran,610.0,99360,36.1,53.06,Polsefid,1986-03-01,MASA,95.62825577322087
Mazandaran,-20.0,40732,36.9,50.68,Ramsar,1986-03-01,MASA,128.93406467500768
Mazandaran,23.0,40759,36.54,53.0,Sari,1986-03-01,MASA,89.00477902952275
Mazandaran,16.7,40788,36.64,53.2,Sari (Dasht-E-Naz Airport),1986-03-01,MASA,87.7495499140366
Mazandaran,1855.4,40735,36.23,51.3,Siahbisheh,1986-03-01,MASA,65.3833390957459
Mazandaran,1805.0,99361,36.07,52.84,Alasht,1986-04-01,MASA,147.97690797981744
Mazandaran,23.7,99309,36.48,52.47,Amol,1986-04-01,MASA,69.16925598320489
Mazandaran,-21.0,40736,36.7,52.64,Babolsar,1986-04-01,MASA,33.57447971043115
Mazandaran,2120.0,99357,36.2,51.8,Baladeh,1986-04-01,MASA,106.8414776438189
Mazandaran,-20.0,99306,36.86,53.39,Bandar-E-Amirabad,1986-04-01,MASA,34.4138323181582
Mazandaran,-10.0,99299,36.74,53.84,Galugah,1986-04-01,MASA,74.85080052551751
Mazandaran,14.7,40737,36.49,52.11,Gharakhil,1986-04-01,MASA,113.56438983616357
Mazandaran,1294.3,40760,36.25,53.55,Kiyasar,1986-04-01,MASA,100.11704553303247
Mazandaran,1550.0,99348,36.39,51.73,Kojur,1986-04-01,MASA,125.20855952438836
Mazandaran,-20.9,40734,36.66,51.47,Nowshahr,1986-04-01,MASA,53.62169731792932
Mazandaran,610.0,99360,36.1,53.06,Polsefid,1986-04-01,MASA,145.3663288467837
Mazandaran,-20.0,40732,36.9,50.68,Ramsar,1986-04-01,MASA,58.562013398976376
Mazandaran,23.0,40759,36.54,53.0,Sari,1986-04-01,MASA,52.80582894024377
Mazandaran,16.7,40788,36.64,53.2,Sari (Dasht-E-Naz Airport),1986-04-01,MASA,46.3619409912539
Mazandaran,1855.4,40735,36.23,51.3,Siahbisheh,1986-04-01,MASA,121.08759869274621
Mazandaran,1805.0,99361,36.07,52.84,Alasht,1986-05-01,MASA,116.16698258810487
Mazandaran,23.7,99309,36.48,52.47,Amol,1986-05-01,MASA,78.07715588503328
Mazandaran,-21.0,40736,36.7,52.64,Babolsar,1986-05-01,MASA,18.026191529564528
Mazandaran,2120.0,99357,36.2,51.8,Baladeh,1986-05-01,MASA,103.91933077269044
Mazandaran,-20.0,99306,36.86,53.39,Bandar-E-Amirabad,1986-05-01,MASA,23.532394108109145
Mazandaran,-10.0,99299,36.74,53.84,Galugah,1986-05-01,MASA,56.14981406622377
Mazandaran,14.7,40737,36.49,52.11,Gharakhil,1986-05-01,MASA,152.27896326475587
Mazandaran,1294.3,40760,36.25,53.55,Kiyasar,1986-05-01,MASA,57.53034704618898
Mazandaran,1550.0,99348,36.39,51.73,Kojur,1986-05-01,MASA,144.19833177023378
Mazandaran,-20.9,40734,36.66,51.47,Nowshahr,1986-05-01,MASA,64.08496552401033
Mazandaran,610.0,99360,36.1,53.06,Polsefid,1986-05-01,MASA,89.83368032865968
Mazandaran,-20.0,40732,36.9,50.68,Ramsar,1986-05-01,MASA,81.49135464125123
Mazandaran,23.0,40759,36.54,53.0,Sari,1986-05-01,MASA,46.30603247576204
Mazandaran,16.7,40788,36.64,53.2,Sari (Dasht-E-Naz Airport),1986-05-01,MASA,36.27223127775636
Mazandaran,1855.4,40735,36.23,51.3,Siahbisheh,1986-05-01,MASA,126.43498533659425
Mazandaran,1805.0,99361,36.07,52.84,Alasht,1986-06-01,MASA,134.14193861202506
Mazandaran,23.7,99309,36.48,52.47,Amol,1986-06-01,MASA,22.755564972918307
Mazandaran,-21.0,40736,36.7,52.64,Babolsar,1986-06-01,MASA,12.398408577006137
Mazandaran,2120.0,99357,36.2,51.8,Baladeh,1986-06-01,MASA,144.99846272186545
Mazandaran,-20.0,99306,36.86,53.39,Bandar-E-Amirabad,1986-06-01,MASA,6.536723897021091
Mazandaran,-10.0,99299,36.74,53.84,Galugah,1986-06-01,MASA,26.135848686259067
Mazandaran,14.7,40737,36.49,52.11,Gharakhil,1986-06-01,MASA,164.2237024755886
Mazandaran,1294.3,40760,36.25,53.55,Kiyasar,1986-06-01,MASA,47.00862042621878
Mazandaran,1550.0,99348,36.39,51.73,Kojur,1986-06-01,MASA,196.5192722530773
Mazandaran,-20.9,40734,36.66,51.47,Nowshahr,1986-06-01,MASA,44.060813114207065
Mazandaran,610.0,99360,36.1,53.06,Polsefid,1986-06-01,MASA,126.66885726169852
Mazandaran,-20.0,40732,36.9,50.68,Ramsar,1986-06-01,MASA,69.13335792736319
Mazandaran,23.0,40759,36.54,53.0,Sari,1986-06-01,MASA,15.75949959472922
Mazandaran,16.7,40788,36.64,53.2,Sari (Dasht-E-Naz Airport),1986-06-01,MASA,11.181147620241916
Mazandaran,1855.4,40735,36.23,51.3,Siahbisheh,1986-06-01,MASA,116.93965069965628
Mazandaran,1805.0,99361,36.07,52.84,Alasht,1986-07-01,MASA,35.28109303205795
Mazandaran,23.7,99309,36.48,52.47,Amol,1986-07-01,MASA,51.8554162093956
Mazandaran,-21.0,40736,36.7,52.64,Babolsar,1986-07-01,MASA,22.438825280364227
Mazandaran,2120.0,99357,36.2,51.8,Baladeh,1986-07-01,MASA,73.94598534792252
Mazandaran,-20.0,99306,36.86,53.39,Bandar-E-Amirabad,1986-07-01,MASA,18.89987400263138
Mazandaran,-10.0,99299,36.74,53.84,Galugah,1986-07-01,MASA,29.84868100374527
Mazandaran,14.7,40737,36.49,52.11,Gharakhil,1986-07-01,MASA,77.39648333280869
Mazandaran,1294.3,40760,36.25,53.55,Kiyasar,1986-07-01,MASA,41.34227445810623
Mazandaran,1550.0,99348,36.39,51.73,Kojur,1986-07-01,MASA,103.56584301679916
Mazandaran,-20.9,40734,36.66,51.47,Nowshahr,1986-07-01,MASA,59.264273554976654
Mazandaran,610.0,99360,36.1,53.06,Polsefid,1986-07-01,MASA,37.25166729181595
Mazandaran,-20.0,40732,36.9,50.68,Ramsar,1986-07-01,MASA,47.12918511122055
Mazandaran,23.0,40759,36.54,53.0,Sari,1986-07-01,MASA,41.63560381620712
Mazandaran,16.7,40788,36.64,53.2,Sari (Dasht-E-Naz Airport),1986-07-01,MASA,34.16131547182388
Mazandaran,1855.4,40735,36.23,51.3,Siahbisheh,1986-07-01,MASA,66.11067167013474
Mazandaran,1805.0,99361,36.07,52.84,Alasht,1986-08-01,MASA,54.228754564633164
Mazandaran,23.7,99309,36.48,52.47,Amol,1986-08-01,MASA,63.65057997356871
Mazandaran,-21.0,40736,36.7,52.64,Babolsar,1986-08-01,MASA,28.585629388203415
Mazandaran,2120.0,99357,36.2,51.8,Baladeh,1986-08-01,MASA,122.45557628523329
Mazandaran,-20.0,99306,36.86,53.39,Bandar-E-Amirabad,1986-08-01,MASA,7.809946164002213
Mazandaran,-10.0,99299,36.74,53.84,Galugah,1986-08-01,MASA,15.699321254601273
Mazandaran,14.7,40737,36.49,52.11,Gharakhil,1986-08-01,MASA,119.56278406034926
Mazandaran,1294.3,40760,36.25,53.55,Kiyasar,1986-08-01,MASA,38.52346710812071
Mazandaran,1550.0,99348,36.39,51.73,Kojur,1986-08-01,MASA,164.98077087055663
Mazandaran,-20.9,40734,36.66,51.47,Nowshahr,1986-08-01,MASA,109.14873503099898
Mazandaran,610.0,99360,36.1,53.06,Polsefid,1986-08-01,MASA,39.15841303717116
Mazandaran,-20.0,40732,36.9,50.68,Ramsar,1986-08-01,MASA,65.45107237946013
Mazandaran,23.0,40759,36.54,53.0,Sari,1986-08-01,MASA,47.46000640045622
Mazandaran,16.7,40788,36.64,53.2,Sari (Dasht-E-Naz Airport),1986-08-01,MASA,29.60843764196852
Mazandaran,1855.4,40735,36.23,51.3,Siahbisheh,1986-08-01,MASA,128.31004880320052
Mazandaran,1805.0,99361,36.07,52.84,Alasht,1986-09-01,MASA,68.41647359332725
Mazandaran,23.7,99309,36.48,52.47,Amol,1986-09-01,MASA,136.94518538913414
Mazandaran,-21.0,40736,36.7,52.64,Babolsar,1986-09-01,MASA,130.7957741876571
Mazandaran,2120.0,99357,36.2,51.8,Baladeh,1986-09-01,MASA,77.48667630157158
Mazandaran,-20.0,99306,36.86,53.39,Bandar-E-Amirabad,1986-09-01,MASA,86.49371298751518
Mazandaran,-10.0,99299,36.74,53.84,Galugah,1986-09-01,MASA,55.06156119308159
Mazandaran,14.7,40737,36.49,52.11,Gharakhil,1986-09-01,MASA,215.36369356116936
Mazandaran,1294.3,40760,36.25,53.55,Kiyasar,1986-09-01,MASA,36.10241147479698
Mazandaran,1550.0,99348,36.39,51.73,Kojur,1986-09-01,MASA,155.49322697124168
Mazandaran,-20.9,40734,36.66,51.47,Nowshahr,1986-09-01,MASA,193.2298961540191
Mazandaran,610.0,99360,36.1,53.06,Polsefid,1986-09-01,MASA,63.89149757823631
Mazandaran,-20.0,40732,36.9,50.68,Ramsar,1986-09-01,MASA,296.7740717788665
Mazandaran,23.0,40759,36.54,53.0,Sari,1986-09-01,MASA,100.2474102636306
Mazandaran,16.7,40788,36.64,53.2,Sari (Dasht-E-Naz Airport),1986-09-01,MASA,89.25799759826347
Mazandaran,1855.4,40735,36.23,51.3,Siahbisheh,1986-09-01,MASA,40.22969039878532
Mazandaran,1805.0,99361,36.07,52.84,Alasht,1986-10-01,MASA,88.57391380812629
Mazandaran,23.7,99309,36.48,52.47,Amol,1986-10-01,MASA,101.02125608469947
Mazandaran,-21.0,40736,36.7,52.64,Babolsar,1986-10-01,MASA,48.00796114947303
Mazandaran,2120.0,99357,36.2,51.8,Baladeh,1986-10-01,MASA,80.4869940235804
Mazandaran,-20.0,99306,36.86,53.39,Bandar-E-Amirabad,1986-10-01,MASA,44.913496608991466
Mazandaran,-10.0,99299,36.74,53.84,Galugah,1986-10-01,MASA,65.77252947833045
Mazandaran,14.7,40737,36.49,52.11,Gharakhil,1986-10-01,MASA,188.0595346644114
Mazandaran,1294.3,40760,36.25,53.55,Kiyasar,1986-10-01,MASA,55.23569488074287
Mazandaran,1550.0,99348,36.39,51.73,Kojur,1986-10-01,MASA,139.81739782835945
Mazandaran,-20.9,40734,36.66,51.47,Nowshahr,1986-10-01,MASA,161.10318505312904
Mazandaran,610.0,99360,36.1,53.06,Polsefid,1986-10-01,MASA,86.20106780077919
Mazandaran,-20.0,40732,36.9,50.68,Ramsar,1986-10-01,MASA,217.25105845477088
Mazandaran,23.0,40759,36.54,53.0,Sari,1986-10-01,MASA,78.92676794077857
Mazandaran,16.7,40788,36.64,53.2,Sari (Dasht-E-Naz Airport),1986-10-01,MASA,62.719728584546885
Mazandaran,1855.4,40735,36.23,51.3,Siahbisheh,1986-10-01,MASA,55.81393444087013
Mazandaran,1805.0,99361,36.07,52.84,Alasht,1986-11-01,MASA,162.32081170863566
Mazandaran,23.7,99309,36.48,52.47,Amol,1986-11-01,MASA,192.66735430545268
Mazandaran,-21.0,40736,36.7,52.64,Babolsar,1986-11-01,MASA,129.4210892517036
Mazandaran,2120.0,99357,36.2,51.8,Baladeh,1986-11-01,MASA,108.8791083890861
Mazandaran,-20.0,99306,36.86,53.39,Bandar-E-Amirabad,1986-11-01,MASA,128.16292460746226
Mazandaran,-10.0,99299,36.74,53.84,Galugah,1986-11-01,MASA,144.48215480632243
Mazandaran,14.7,40737,36.49,52.11,Gharakhil,1986-11-01,MASA,252.44255777186808
Mazandaran,1294.3,40760,36.25,53.55,Kiyasar,1986-11-01,MASA,113.61021216697154
Mazandaran,1550.0,99348,36.39,51.73,Kojur,1986-11-01,MASA,161.76815744227824
Mazandaran,-20.9,40734,36.66,51.47,Nowshahr,1986-11-01,MASA,351.21450241393507
Mazandaran,610.0,99360,36.1,53.06,Polsefid,1986-11-01,MASA,133.98527022189555
Mazandaran,-20.0,40732,36.9,50.68,Ramsar,1986-11-01,MASA,445.32812054938734
Mazandaran,23.0,40759,36.54,53.0,Sari,1986-11-01,MASA,138.37923522777018
Mazandaran,16.7,40788,36.64,53.2,Sari (Dasht-E-Naz Airport),1986-11-01,MASA,135.9086972076362
Mazandaran,1855.4,40735,36.23,51.3,Siahbisheh,1986-11-01,MASA,103.22732146567759
Mazandaran,1805.0,99361,36.07,52.84,Alasht,1986-12-01,MASA,88.61802993091317
Mazandaran,23.7,99309,36.48,52.47,Amol,1986-12-01,MASA,119.51213059695931
Mazandaran,-21.0,40736,36.7,52.64,Babolsar,1986-12-01,MASA,88.9177816894886
Mazandaran,2120.0,99357,36.2,51.8,Baladeh,1986-12-01,MASA,59.31964991363259
Mazandaran,-20.0,99306,36.86,53.39,Bandar-E-Amirabad,1986-12-01,MASA,105.45714674266549
Mazandaran,-10.0,99299,36.74,53.84,Galugah,1986-12-01,MASA,88.86024830611916
Mazandaran,14.7,40737,36.49,52.11,Gharakhil,1986-12-01,MASA,140.3457420853016
Mazandaran,1294.3,40760,36.25,53.55,Kiyasar,1986-12-01,MASA,79.91488752635689
Mazandaran,1550.0,99348,36.39,51.73,Kojur,1986-12-01,MASA,73.49351523193093
Mazandaran,-20.9,40734,36.66,51.47,Nowshahr,1986-12-01,MASA,191.8446171072361
Mazandaran,610.0,99360,36.1,53.06,Polsefid,1986-12-01,MASA,92.63152358802529
Mazandaran,-20.0,40732,36.9,50.68,Ramsar,1986-12-01,MASA,231.8437593963978
Mazandaran,23.0,40759,36.54,53.0,Sari,1986-12-01,MASA,98.94150970252724
Mazandaran,16.7,40788,36.64,53.2,Sari (Dasht-E-Naz Airport),1986-12-01,MASA,89.83932910236092
Mazandaran,1855.4,40735,36.23,51.3,Siahbisheh,1986-12-01,MASA,73.03971526893349
Mazandaran,1805.0,99361,36.07,52.84,Alasht,1987-01-01,MASA,23.039658363323667
Mazandaran,23.7,99309,36.48,52.47,Amol,1987-01-01,MASA,37.553657587032774
Mazandaran,-21.0,40736,36.7,52.64,Babolsar,1987-01-01,MASA,20.559792216282347
Mazandaran,2120.0,99357,36.2,51.8,Baladeh,1987-01-01,MASA,27.253855760555723
Mazandaran,-20.0,99306,36.86,53.39,Bandar-E-Amirabad,1987-01-01,MASA,23.230348523121336
Mazandaran,-10.0,99299,36.74,53.84,Galugah,1987-01-01,MASA,30.753616984348753
Mazandaran,14.7,40737,36.49,52.11,Gharakhil,1987-01-01,MASA,36.324132974606016
Mazandaran,1294.3,40760,36.25,53.55,Kiyasar,1987-01-01,MASA,24.349619443874815
Mazandaran,1550.0,99348,36.39,51.73,Kojur,1987-01-01,MASA,19.154433901768186
Mazandaran,-20.9,40734,36.66,51.47,Nowshahr,1987-01-01,MASA,68.06113272474335
Mazandaran,610.0,99360,36.1,53.06,Polsefid,1987-01-01,MASA,23.693193490963438
Mazandaran,-20.0,40732,36.9,50.68,Ramsar,1987-01-01,MASA,65.25554209516571
Mazandaran,23.0,40759,36.54,53.0,Sari,1987-01-01,MASA,42.16327219770477
Mazandaran,16.7,40788,36.64,53.2,Sari (Dasht-E-Naz Airport),1987-01-01,MASA,33.47214012907074
Mazandaran,1855.4,40735,36.23,51.3,Siahbisheh,1987-01-01,MASA,47.326062615375974
Mazandaran,1805.0,99361,36.07,52.84,Alasht,1987-02-01,MASA,63.603353743630464
Mazandaran,23.7,99309,36.48,52.47,Amol,1987-02-01,MASA,74.44297993667703
Mazandaran,-21.0,40736,36.7,52.64,Babolsar,1987-02-01,MASA,46.294582133370454
Mazandaran,2120.0,99357,36.2,51.8,Baladeh,1987-02-01,MASA,41.56015539653879
Mazandaran,-20.0,99306,36.86,53.39,Bandar-E-Amirabad,1987-02-01,MASA,80.75375581272226
Mazandaran,-10.0,99299,36.74,53.84,Galugah,1987-02-01,MASA,98.44425046928507
Mazandaran,14.7,40737,36.49,52.11,Gharakhil,1987-02-01,MASA,79.76945961006265
Mazandaran,1294.3,40760,36.25,53.55,Kiyasar,1987-02-01,MASA,78.61472392566782
Mazandaran,1550.0,99348,36.39,51.73,Kojur,1987-02-01,MASA,50.62666261680704
Mazandaran,-20.9,40734,36.66,51.47,Nowshahr,1987-02-01,MASA,113.58004534729105
Mazandaran,610.0,99360,36.1,53.06,Polsefid,1987-02-01,MASA,69.51068068035227
Mazandaran,-20.0,40732,36.9,50.68,Ramsar,1987-02-01,MASA,98.73281145580393
Mazandaran,23.0,40759,36.54,53.0,Sari,1987-02-01,MASA,78.16660130508524
Mazandaran,16.7,40788,36.64,53.2,Sari (Dasht-E-Naz Airport),1987-02-01,MASA,77.4979563999949
Mazandaran,1855.4,40735,36.23,51.3,Siahbisheh,1987-02-01,MASA,64.02753019817453
Mazandaran,1805.0,99361,36.07,52.84,Alasht,1987-03-01,MASA,145.09267184312336
Mazandaran,23.7,99309,36.48,52.47,Amol,1987-03-01,MASA,128.14671370561115
Mazandaran,-21.0,40736,36.7,52.64,Babolsar,1987-03-01,MASA,66.48785445268146
Mazandaran,2120.0,99357,36.2,51.8,Baladeh,1987-03-01,MASA,114.51453539903156
Mazandaran,-20.0,99306,36.86,53.39,Bandar-E-Amirabad,1987-03-01,MASA,103.82861468369953
Mazandaran,-10.0,99299,36.74,53.84,Galugah,1987-03-01,MASA,138.7751904445409
Mazandaran,14.7,40737,36.49,52.11,Gharakhil,1987-03-01,MASA,143.2065126615285
Mazandaran,1294.3,40760,36.25,53.55,Kiyasar,1987-03-01,MASA,133.45066282327167
Mazandaran,1550.0,99348,36.39,51.73,Kojur,1987-03-01,MASA,113.2607814985036
Mazandaran,-20.9,40734,36.66,51.47,Nowshahr,1987-03-01,MASA,155.0272164064168
Mazandaran,610.0,99360,36.1,53.06,Polsefid,1987-03-01,MASA,142.04335782105915
Mazandaran,-20.0,40732,36.9,50.68,Ramsar,1987-03-01,MASA,166.83929237897388
Mazandaran,23.0,40759,36.54,53.0,Sari,1987-03-01,MASA,135.6398371177434
Mazandaran,16.7,40788,36.64,53.2,Sari (Dasht-E-Naz Airport),1987-03-01,MASA,124.50644943292133
Mazandaran,1855.4,40735,36.23,51.3,Siahbisheh,1987-03-01,MASA,154.42857715661518
Mazandaran,1805.0,99361,36.07,52.84,Alasht,1987-04-01,MASA,67.25994706647498
Mazandaran,23.7,99309,36.48,52.47,Amol,1987-04-01,MASA,59.15885627763373
Mazandaran,-21.0,40736,36.7,52.64,Babolsar,1987-04-01,MASA,26.318738465477054
Mazandaran,2120.0,99357,36.2,51.8,Baladeh,1987-04-01,MASA,57.75887728231055
Mazandaran,-20.0,99306,36.86,53.39,Bandar-E-Amirabad,1987-04-01,MASA,43.05700421826941
Mazandaran,-10.0,99299,36.74,53.84,Galugah,1987-04-01,MASA,50.161490445304935
Mazandaran,14.7,40737,36.49,52.11,Gharakhil,1987-04-01,MASA,86.14153624074561
Mazandaran,1294.3,40760,36.25,53.55,Kiyasar,1987-04-01,MASA,53.235555296112125
Mazandaran,1550.0,99348,36.39,51.73,Kojur,1987-04-01,MASA,59.07096922891242
Mazandaran,-20.9,40734,36.66,51.47,Nowshahr,1987-04-01,MASA,59.03216660516364
Mazandaran,610.0,99360,36.1,53.06,Polsefid,1987-04-01,MASA,73.79973888890845
Mazandaran,-20.0,40732,36.9,50.68,Ramsar,1987-04-01,MASA,73.3370280315171
Mazandaran,23.0,40759,36.54,53.0,Sari,1987-04-01,MASA,51.189134125877445
Mazandaran,16.7,40788,36.64,53.2,Sari (Dasht-E-Naz Airport),1987-04-01,MASA,42.55890310304267
Mazandaran,1855.4,40735,36.23,51.3,Siahbisheh,1987-04-01,MASA,105.3337103177796
Mazandaran,1805.0,99361,36.07,52.84,Alasht,1987-05-01,MASA,116.17370071422428
Mazandaran,23.7,99309,36.48,52.47,Amol,1987-05-01,MASA,39.88494100581974
Mazandaran,-21.0,40736,36.7,52.64,Babolsar,1987-05-01,MASA,8.027331256979409
Mazandaran,2120.0,99357,36.2,51.8,Baladeh,1987-05-01,MASA,93.79086020004124
Mazandaran,-20.0,99306,36.86,53.39,Bandar-E-Amirabad,1987-05-01,MASA,7.818565988653603
Mazandaran,-10.0,99299,36.74,53.84,Galugah,1987-05-01,MASA,27.513996982687416
Mazandaran,14.7,40737,36.49,52.11,Gharakhil,1987-05-01,MASA,99.65545060645908
Mazandaran,1294.3,40760,36.25,53.55,Kiyasar,1987-05-01,MASA,54.099531197660866
Mazandaran,1550.0,99348,36.39,51.73,Kojur,1987-05-01,MASA,108.3764297009644
Mazandaran,-20.9,40734,36.66,51.47,Nowshahr,1987-05-01,MASA,35.21798672687382
Mazandaran,610.0,99360,36.1,53.06,Polsefid,1987-05-01,MASA,109.30319252025456
Mazandaran,-20.0,40732,36.9,50.68,Ramsar,1987-05-01,MASA,40.07990779888004
Mazandaran,23.0,40759,36.54,53.0,Sari,1987-05-01,MASA,28.73428287517399
Mazandaran,16.7,40788,36.64,53.2,Sari (Dasht-E-Naz Airport),1987-05-01,MASA,19.131721282118264
Mazandaran,1855.4,40735,36.23,51.3,Siahbisheh,1987-05-01,MASA,95.4955679417786
Mazandaran,1805.0,99361,36.07,52.84,Alasht,1987-06-01,MASA,32.61235287469688
Mazandaran,23.7,99309,36.48,52.47,Amol,1987-06-01,MASA,13.01835408490959
Mazandaran,-21.0,40736,36.7,52.64,Babolsar,1987-06-01,MASA,1.58220460695091
Mazandaran,2120.0,99357,36.2,51.8,Baladeh,1987-06-01,MASA,73.36305012983146
Mazandaran,-20.0,99306,36.86,53.39,Bandar-E-Amirabad,1987-06-01,MASA,2.4029903678304265
Mazandaran,-10.0,99299,36.74,53.84,Galugah,1987-06-01,MASA,3.380864170015485
Mazandaran,14.7,40737,36.49,52.11,Gharakhil,1987-06-01,MASA,32.18261828702751
Mazandaran,1294.3,40760,36.25,53.55,Kiyasar,1987-06-01,MASA,14.001577403963239
Mazandaran,1550.0,99348,36.39,51.73,Kojur,1987-06-01,MASA,58.40554764550987
Mazandaran,-20.9,40734,36.66,51.47,Nowshahr,1987-06-01,MASA,14.38045432847801
Mazandaran,610.0,99360,36.1,53.06,Polsefid,1987-06-01,MASA,17.005964425027997
Mazandaran,-20.0,40732,36.9,50.68,Ramsar,1987-06-01,MASA,23.645623829782636
Mazandaran,23.0,40759,36.54,53.0,Sari,1987-06-01,MASA,8.652284052789838
Mazandaran,16.7,40788,36.64,53.2,Sari (Dasht-E-Naz Airport),1987-06-01,MASA,5.135505702913434
Mazandaran,1855.4,40735,36.23,51.3,Siahbisheh,1987-06-01,MASA,73.64106109422508
Mazandaran,1805.0,99361,36.07,52.84,Alasht,1987-07-01,MASA,101.55551479290992
Mazandaran,23.7,99309,36.48,52.47,Amol,1987-07-01,MASA,55.25051401089698
Mazandaran,-21.0,40736,36.7,52.64,Babolsar,1987-07-01,MASA,15.493932823648748
Mazandaran,2120.0,99357,36.2,51.8,Baladeh,1987-07-01,MASA,117.79919610451728
Mazandaran,-20.0,99306,36.86,53.39,Bandar-E-Amirabad,1987-07-01,MASA,10.226610760202703
Mazandaran,-10.0,99299,36.74,53.84,Galugah,1987-07-01,MASA,38.87942777108222
Mazandaran,14.7,40737,36.49,52.11,Gharakhil,1987-07-01,MASA,113.76972840260535
Mazandaran,1294.3,40760,36.25,53.55,Kiyasar,1987-07-01,MASA,71.05900690983802
Mazandaran,1550.0,99348,36.39,51.73,Kojur,1987-07-01,MASA,156.5993611616996
Mazandaran,-20.9,40734,36.66,51.47,Nowshahr,1987-07-01,MASA,53.622070412149725
Mazandaran,610.0,99360,36.1,53.06,Polsefid,1987-07-01,MASA,66.58080563973456
Mazandaran,-20.0,40732,36.9,50.68,Ramsar,1987-07-01,MASA,54.737437228670416
Mazandaran,23.0,40759,36.54,53.0,Sari,1987-07-01,MASA,51.484677652826605
Mazandaran,16.7,40788,36.64,53.2,Sari (Dasht-E-Naz Airport),1987-07-01,MASA,34.45743368100196
Mazandaran,1855.4,40735,36.23,51.3,Siahbisheh,1987-07-01,MASA,121.62438378762275
Mazandaran,1805.0,99361,36.07,52.84,Alasht,1987-08-01,MASA,245.2644103700905
Mazandaran,23.7,99309,36.48,52.47,Amol,1987-08-01,MASA,121.82091116259386
Mazandaran,-21.0,40736,36.7,52.64,Babolsar,1987-08-01,MASA,58.63690316031267
Mazandaran,2120.0,99357,36.2,51.8,Baladeh,1987-08-01,MASA,152.6845240528374
Mazandaran,-20.0,99306,36.86,53.39,Bandar-E-Amirabad,1987-08-01,MASA,30.903368585804003
Mazandaran,-10.0,99299,36.74,53.84,Galugah,1987-08-01,MASA,72.8509867126732
Mazandaran,14.7,40737,36.49,52.11,Gharakhil,1987-08-01,MASA,231.11775457213213
Mazandaran,1294.3,40760,36.25,53.55,Kiyasar,1987-08-01,MASA,89.56412910769274
Mazandaran,1550.0,99348,36.39,51.73,Kojur,1987-08-01,MASA,286.40589057753374
Mazandaran,-20.9,40734,36.66,51.47,Nowshahr,1987-08-01,MASA,186.8164533312111
Mazandaran,610.0,99360,36.1,53.06,Polsefid,1987-08-01,MASA,122.52905904600908
Mazandaran,-20.0,40732,36.9,50.68,Ramsar,1987-08-01,MASA,218.07166873762895
Mazandaran,23.0,40759,36.54,53.0,Sari,1987-08-01,MASA,111.9938933784752
Mazandaran,16.7,40788,36.64,53.2,Sari (Dasht-E-Naz Airport),1987-08-01,MASA,77.59909271548082
Mazandaran,1855.4,40735,36.23,51.3,Siahbisheh,1987-08-01,MASA,110.18446027586748
Mazandaran,1805.0,99361,36.07,52.84,Alasht,1987-09-01,MASA,139.60631796710388
Mazandaran,23.7,99309,36.48,52.47,Amol,1987-09-01,MASA,88.63841602198974
Mazandaran,-21.0,40736,36.7,52.64,Babolsar,1987-09-01,MASA,36.75443539016143
Mazandaran,2120.0,99357,36.2,51.8,Baladeh,1987-09-01,MASA,107.08644101016418
Mazandaran,-20.0,99306,36.86,53.39,Bandar-E-Amirabad,1987-09-01,MASA,26.963076084779658
Mazandaran,-10.0,99299,36.74,53.84,Galugah,1987-09-01,MASA,64.31201705329315
Mazandaran,14.7,40737,36.49,52.11,Gharakhil,1987-09-01,MASA,198.82372626654998
Mazandaran,1294.3,40760,36.25,53.55,Kiyasar,1987-09-01,MASA,61.26008042685882
Mazandaran,1550.0,99348,36.39,51.73,Kojur,1987-09-01,MASA,218.3053106962909
Mazandaran,-20.9,40734,36.66,51.47,Nowshahr,1987-09-01,MASA,135.83382078997985
Mazandaran,610.0,99360,36.1,53.06,Polsefid,1987-09-01,MASA,114.377668589281
Mazandaran,-20.0,40732,36.9,50.68,Ramsar,1987-09-01,MASA,188.66900214545623
Mazandaran,23.0,40759,36.54,53.0,Sari,1987-09-01,MASA,75.63204178206817
Mazandaran,16.7,40788,36.64,53.2,Sari (Dasht-E-Naz Airport),1987-09-01,MASA,53.806370586084284
Mazandaran,1855.4,40735,36.23,51.3,Siahbisheh,1987-09-01,MASA,66.1138952671756
Mazandaran,1805.0,99361,36.07,52.84,Alasht,1987-10-01,MASA,157.11893580276737
Mazandaran,23.7,99309,36.48,52.47,Amol,1987-10-01,MASA,196.49126074630985
Mazandaran,-21.0,40736,36.7,52.64,Babolsar,1987-10-01,MASA,147.64105222542057
Mazandaran,2120.0,99357,36.2,51.8,Baladeh,1987-10-01,MASA,172.31357536632785
Mazandaran,-20.0,99306,36.86,53.39,Bandar-E-Amirabad,1987-10-01,MASA,128.93943927604923
Mazandaran,-10.0,99299,36.74,53.84,Galugah,1987-10-01,MASA,144.5492400916315
Mazandaran,14.7,40737,36.49,52.11,Gharakhil,1987-10-01,MASA,282.86211631614935
Mazandaran,1294.3,40760,36.25,53.55,Kiyasar,1987-10-01,MASA,164.68289933521518
Mazandaran,1550.0,99348,36.39,51.73,Kojur,1987-10-01,MASA,217.71751783211002
Mazandaran,-20.9,40734,36.66,51.47,Nowshahr,1987-10-01,MASA,312.6641704829432
Mazandaran,610.0,99360,36.1,53.06,Polsefid,1987-10-01,MASA,141.55771277267704
Mazandaran,-20.0,40732,36.9,50.68,Ramsar,1987-10-01,MASA,379.69662688095343
Mazandaran,23.0,40759,36.54,53.0,Sari,1987-10-01,MASA,170.91589114982852
Mazandaran,16.7,40788,36.64,53.2,Sari (Dasht-E-Naz Airport),1987-10-01,MASA,152.72906861622104
Mazandaran,1855.4,40735,36.23,51.3,Siahbisheh,1987-10-01,MASA,213.24195406753788
Mazandaran,1805.0,99361,36.07,52.84,Alasht,1987-11-01,MASA,64.55400035724423
Mazandaran,23.7,99309,36.48,52.47,Amol,1987-11-01,MASA,86.24056921348355
Mazandaran,-21.0,40736,36.7,52.64,Babolsar,1987-11-01,MASA,50.928229549978
Mazandaran,2120.0,99357,36.2,51.8,Baladeh,1987-11-01,MASA,42.64275179252408
Mazandaran,-20.0,99306,36.86,53.39,Bandar-E-Amirabad,1987-11-01,MASA,74.65981886729978
Mazandaran,-10.0,99299,36.74,53.84,Galugah,1987-11-01,MASA,53.356686690900545
Mazandaran,14.7,40737,36.49,52.11,Gharakhil,1987-11-01,MASA,106.17820368156217
Mazandaran,1294.3,40760,36.25,53.55,Kiyasar,1987-11-01,MASA,50.5198781286218
Mazandaran,1550.0,99348,36.39,51.73,Kojur,1987-11-01,MASA,60.720989564511996
Mazandaran,-20.9,40734,36.66,51.47,Nowshahr,1987-11-01,MASA,156.8949167524316
Mazandaran,610.0,99360,36.1,53.06,Polsefid,1987-11-01,MASA,53.82605836734555
Mazandaran,-20.0,40732,36.9,50.68,Ramsar,1987-11-01,MASA,194.98978004798673
Mazandaran,23.0,40759,36.54,53.0,Sari,1987-11-01,MASA,65.55447922096036
Mazandaran,16.7,40788,36.64,53.2,Sari (Dasht-E-Naz Airport),1987-11-01,MASA,60.483658770177584
Mazandaran,1855.4,40735,36.23,51.3,Siahbisheh,1987-11-01,MASA,45.27718768462918
Mazandaran,1805.0,99361,36.07,52.84,Alasht,1987-12-01,MASA,78.32685664605776
Mazandaran,23.7,99309,36.48,52.47,Amol,1987-12-01,MASA,127.08249494743029
Mazandaran,-21.0,40736,36.7,52.64,Babolsar,1987-12-01,MASA,84.05653193902651
Mazandaran,2120.0,99357,36.2,51.8,Baladeh,1987-12-01,MASA,89.70732793521563
Mazandaran,-20.0,99306,36.86,53.39,Bandar-E-Amirabad,1987-12-01,MASA,116.78089008044878
Mazandaran,-10.0,99299,36.74,53.84,Galugah,1987-12-01,MASA,94.13084939431826
Mazandaran,14.7,40737,36.49,52.11,Gharakhil,1987-12-01,MASA,173.58707443189303
Mazandaran,1294.3,40760,36.25,53.55,Kiyasar,1987-12-01,MASA,54.726203832146325
Mazandaran,1550.0,99348,36.39,51.73,Kojur,1987-12-01,MASA,92.41652295303027
Mazandaran,-20.9,40734,36.66,51.47,Nowshahr,1987-12-01,MASA,193.82837221336047
Mazandaran,610.0,99360,36.1,53.06,Polsefid,1987-12-01,MASA,69.74731192302386
Mazandaran,-20.0,40732,36.9,50.68,Ramsar,1987-12-01,MASA,215.0232325525252
Mazandaran,23.0,40759,36.54,53.0,Sari,1987-12-01,MASA,99.85067501973788
Mazandaran,16.7,40788,36.64,53.2,Sari (Dasht-E-Naz Airport),1987-12-01,MASA,96.86511561584155
Mazandaran,1855.4,40735,36.23,51.3,Siahbisheh,1987-12-01,MASA,107.77846530389468
Mazandaran,1805.0,99361,36.07,52.84,Alasht,1988-01-01,MASA,87.65126396623657
Mazandaran,23.7,99309,36.48,52.47,Amol,1988-01-01,MASA,119.77919568029449
Mazandaran,-21.0,40736,36.7,52.64,Babolsar,1988-01-01,MASA,113.90436817613647
Mazandaran,2120.0,99357,36.2,51.8,Baladeh,1988-01-01,MASA,75.9055428644757
Mazandaran,-20.0,99306,36.86,53.39,Bandar-E-Amirabad,1988-01-01,MASA,127.68624354806946
Mazandaran,-10.0,99299,36.74,53.84,Galugah,1988-01-01,MASA,114.8629449745755
Mazandaran,14.7,40737,36.49,52.11,Gharakhil,1988-01-01,MASA,131.19463254419372
Mazandaran,1294.3,40760,36.25,53.55,Kiyasar,1988-01-01,MASA,99.96749092546509
Mazandaran,1550.0,99348,36.39,51.73,Kojur,1988-01-01,MASA,88.8803564449887
Mazandaran,-20.9,40734,36.66,51.47,Nowshahr,1988-01-01,MASA,170.50143708196686
Mazandaran,610.0,99360,36.1,53.06,Polsefid,1988-01-01,MASA,89.90700174776123
Mazandaran,-20.0,40732,36.9,50.68,Ramsar,1988-01-01,MASA,220.68272162881897
Mazandaran,23.0,40759,36.54,53.0,Sari,1988-01-01,MASA,123.57055772748993
Mazandaran,16.7,40788,36.64,53.2,Sari (Dasht-E-Naz Airport),1988-01-01,MASA,125.79120327440307
Mazandaran,1855.4,40735,36.23,51.3,Siahbisheh,1988-01-01,MASA,80.72557677236603
Mazandaran,1805.0,99361,36.07,52.84,Alasht,1988-02-01,MASA,43.34114334109884
Mazandaran,23.7,99309,36.48,52.47,Amol,1988-02-01,MASA,64.50150749209982
Mazandaran,-21.0,40736,36.7,52.64,Babolsar,1988-02-01,MASA,40.56542953971487
Mazandaran,2120.0,99357,36.2,51.8,Baladeh,1988-02-01,MASA,53.77399763587576
Mazandaran,-20.0,99306,36.86,53.39,Bandar-E-Amirabad,1988-02-01,MASA,62.25274345401388
Mazandaran,-10.0,99299,36.74,53.84,Galugah,1988-02-01,MASA,55.36870500568014
Mazandaran,14.7,40737,36.49,52.11,Gharakhil,1988-02-01,MASA,74.77873405936819
Mazandaran,1294.3,40760,36.25,53.55,Kiyasar,1988-02-01,MASA,44.549120874439296
Mazandaran,1550.0,99348,36.39,51.73,Kojur,1988-02-01,MASA,46.186534972225246
Mazandaran,-20.9,40734,36.66,51.47,Nowshahr,1988-02-01,MASA,107.17834374431234
Mazandaran,610.0,99360,36.1,53.06,Polsefid,1988-02-01,MASA,43.92440459254843
Mazandaran,-20.0,40732,36.9,50.68,Ramsar,1988-02-01,MASA,135.24171552184683
Mazandaran,23.0,40759,36.54,53.0,Sari,1988-02-01,MASA,53.2391055536614
Mazandaran,16.7,40788,36.64,53.2,Sari (Dasht-E-Naz Airport),1988-02-01,MASA,48.99562737468344
Mazandaran,1855.4,40735,36.23,51.3,Siahbisheh,1988-02-01,MASA,69.22769388679129
Mazandaran,1805.0,99361,36.07,52.84,Alasht,1988-03-01,MASA,114.49306941036497
Mazandaran,23.7,99309,36.48,52.47,Amol,1988-03-01,MASA,104.23961019520078
Mazandaran,-21.0,40736,36.7,52.64,Babolsar,1988-03-01,MASA,52.430180072825294
Mazandaran,2120.0,99357,36.2,51.8,Baladeh,1988-03-01,MASA,70.22112345699583
Mazandaran,-20.0,99306,36.86,53.39,Bandar-E-Amirabad,1988-03-01,MASA,87.45777344707761
Mazandaran,-10.0,99299,36.74,53.84,Galugah,1988-03-01,MASA,93.37341523174558
Mazandaran,14.7,40737,36.49,52.11,Gharakhil,1988-03-01,MASA,112.79120779041563
Mazandaran,1294.3,40760,36.25,53.55,Kiyasar,1988-03-01,MASA,110.02126073841367
Mazandaran,1550.0,99348,36.39,51.73,Kojur,1988-03-01,MASA,72.18791282181058
Mazandaran,-20.9,40734,36.66,51.47,Nowshahr,1988-03-01,MASA,113.61449694637571
Mazandaran,610.0,99360,36.1,53.06,Polsefid,1988-03-01,MASA,109.27605366710935
Mazandaran,-20.0,40732,36.9,50.68,Ramsar,1988-03-01,MASA,85.8817968368939
Mazandaran,23.0,40759,36.54,53.0,Sari,1988-03-01,MASA,104.56680989269529
Mazandaran,16.7,40788,36.64,53.2,Sari (Dasht-E-Naz Airport),1988-03-01,MASA,92.39080286030088
Mazandaran,1855.4,40735,36.23,51.3,Siahbisheh,1988-03-01,MASA,110.77435052398954
Mazandaran,1805.0,99361,36.07,52.84,Alasht,1988-04-01,MASA,145.50989565473316
Mazandaran,23.7,99309,36.48,52.47,Amol,1988-04-01,MASA,67.63469872098682
Mazandaran,-21.0,40736,36.7,52.64,Babolsar,1988-04-01,MASA,31.773012848908877
Mazandaran,2120.0,99357,36.2,51.8,Baladeh,1988-04-01,MASA,79.87425920587299
Mazandaran,-20.0,99306,36.86,53.39,Bandar-E-Amirabad,1988-04-01,MASA,61.64186892133472
Mazandaran,-10.0,99299,36.74,53.84,Galugah,1988-04-01,MASA,104.0334820471358
Mazandaran,14.7,40737,36.49,52.11,Gharakhil,1988-04-01,MASA,114.38785192590473
Mazandaran,1294.3,40760,36.25,53.55,Kiyasar,1988-04-01,MASA,126.13884803872821
Mazandaran,1550.0,99348,36.39,51.73,Kojur,1988-04-01,MASA,130.21155891042469
Mazandaran,-20.9,40734,36.66,51.47,Nowshahr,1988-04-01,MASA,63.8096302471709
Mazandaran,610.0,99360,36.1,53.06,Polsefid,1988-04-01,MASA,144.05819472890613
Mazandaran,-20.0,40732,36.9,50.68,Ramsar,1988-04-01,MASA,85.08145508390186
Mazandaran,23.0,40759,36.54,53.0,Sari,1988-04-01,MASA,65.94641205888507
Mazandaran,16.7,40788,36.64,53.2,Sari (Dasht-E-Naz Airport),1988-04-01,MASA,71.52755257707355
Mazandaran,1855.4,40735,36.23,51.3,Siahbisheh,1988-04-01,MASA,85.3572159729552
Mazandaran,1805.0,99361,36.07,52.84,Alasht,1988-05-01,MASA,96.91242077567352
Mazandaran,23.7,99309,36.48,52.47,Amol,1988-05-01,MASA,40.230087425491945
Mazandaran,-21.0,40736,36.7,52.64,Babolsar,1988-05-01,MASA,18.68931153037323
Mazandaran,2120.0,99357,36.2,51.8,Baladeh,1988-05-01,MASA,89.0818307659842
Mazandaran,-20.0,99306,36.86,53.39,Bandar-E-Amirabad,1988-05-01,MASA,22.958568718216554
Mazandaran,-10.0,99299,36.74,53.84,Galugah,1988-05-01,MASA,38.29077580191864
Mazandaran,14.7,40737,36.49,52.11,Gharakhil,1988-05-01,MASA,150.90226330973877
Mazandaran,1294.3,40760,36.25,53.55,Kiyasar,1988-05-01,MASA,54.205201055786745
Mazandaran,1550.0,99348,36.39,51.73,Kojur,1988-05-01,MASA,126.2774089834906
Mazandaran,-20.9,40734,36.66,51.47,Nowshahr,1988-05-01,MASA,57.688779618523256
Mazandaran,610.0,99360,36.1,53.06,Polsefid,1988-05-01,MASA,91.06070497252716
Mazandaran,-20.0,40732,36.9,50.68,Ramsar,1988-05-01,MASA,123.81810643889679
Mazandaran,23.0,40759,36.54,53.0,Sari,1988-05-01,MASA,35.894579674980776
Mazandaran,16.7,40788,36.64,53.2,Sari (Dasht-E-Naz Airport),1988-05-01,MASA,27.796454217217104
Mazandaran,1855.4,40735,36.23,51.3,Siahbisheh,1988-05-01,MASA,101.81785323836579
Mazandaran,1805.0,99361,36.07,52.84,Alasht,1988-06-01,MASA,96.86893757697845
Mazandaran,23.7,99309,36.48,52.47,Amol,1988-06-01,MASA,28.988903130262145
Mazandaran,-21.0,40736,36.7,52.64,Babolsar,1988-06-01,MASA,12.836461628644713
Mazandaran,2120.0,99357,36.2,51.8,Baladeh,1988-06-01,MASA,153.5312437665155
Mazandaran,-20.0,99306,36.86,53.39,Bandar-E-Amirabad,1988-06-01,MASA,11.843820775716551
Mazandaran,-10.0,99299,36.74,53.84,Galugah,1988-06-01,MASA,43.810998762815245
Mazandaran,14.7,40737,36.49,52.11,Gharakhil,1988-06-01,MASA,159.6248501193216
Mazandaran,1294.3,40760,36.25,53.55,Kiyasar,1988-06-01,MASA,27.4951064240625
Mazandaran,1550.0,99348,36.39,51.73,Kojur,1988-06-01,MASA,273.46985575076843
Mazandaran,-20.9,40734,36.66,51.47,Nowshahr,1988-06-01,MASA,43.89796193954254
Mazandaran,610.0,99360,36.1,53.06,Polsefid,1988-06-01,MASA,65.87373253223205
Mazandaran,-20.0,40732,36.9,50.68,Ramsar,1988-06-01,MASA,79.16531499740387
Mazandaran,23.0,40759,36.54,53.0,Sari,1988-06-01,MASA,13.470565642087706
Mazandaran,16.7,40788,36.64,53.2,Sari (Dasht-E-Naz Airport),1988-06-01,MASA,16.315391029088744
Mazandaran,1855.4,40735,36.23,51.3,Siahbisheh,1988-06-01,MASA,122.11426135417724
Mazandaran,1805.0,99361,36.07,52.84,Alasht,1988-07-01,MASA,100.45194305353888
Mazandaran,23.7,99309,36.48,52.47,Amol,1988-07-01,MASA,80.07979072504767
Mazandaran,-21.0,40736,36.7,52.64,Babolsar,1988-07-01,MASA,28.789114727313603
Mazandaran,2120.0,99357,36.2,51.8,Baladeh,1988-07-01,MASA,182.59463883810767
Mazandaran,-20.0,99306,36.86,53.39,Bandar-E-Amirabad,1988-07-01,MASA,61.70892394953498
Mazandaran,-10.0,99299,36.74,53.84,Galugah,1988-07-01,MASA,89.03288520746955
Mazandaran,14.7,40737,36.49,52.11,Gharakhil,1988-07-01,MASA,167.66427136832007
Mazandaran,1294.3,40760,36.25,53.55,Kiyasar,1988-07-01,MASA,108.13803650313147
Mazandaran,1550.0,99348,36.39,51.73,Kojur,1988-07-01,MASA,250.15964783602485
Mazandaran,-20.9,40734,36.66,51.47,Nowshahr,1988-07-01,MASA,85.0901869671894
Mazandaran,610.0,99360,36.1,53.06,Polsefid,1988-07-01,MASA,97.35160745554694
Mazandaran,-20.0,40732,36.9,50.68,Ramsar,1988-07-01,MASA,87.58301712446936
Mazandaran,23.0,40759,36.54,53.0,Sari,1988-07-01,MASA,77.33881153040656
Mazandaran,16.7,40788,36.64,53.2,Sari (Dasht-E-Naz Airport),1988-07-01,MASA,66.77335180216559
Mazandaran,1855.4,40735,36.23,51.3,Siahbisheh,1988-07-01,MASA,144.3340299265934
Mazandaran,1805.0,99361,36.07,52.84,Alasht,1988-08-01,MASA,179.21822614099625
Mazandaran,23.7,99309,36.48,52.47,Amol,1988-08-01,MASA,101.25941879179123
Mazandaran,-21.0,40736,36.7,52.64,Babolsar,1988-08-01,MASA,46.527423924466405
Mazandaran,2120.0,99357,36.2,51.8,Baladeh,1988-08-01,MASA,172.51721865560654
Mazandaran,-20.0,99306,36.86,53.39,Bandar-E-Amirabad,1988-08-01,MASA,90.41065818693284
Mazandaran,-10.0,99299,36.74,53.84,Galugah,1988-08-01,MASA,119.97924096014145
Mazandaran,14.7,40737,36.49,52.11,Gharakhil,1988-08-01,MASA,193.56399125482682
Mazandaran,1294.3,40760,36.25,53.55,Kiyasar,1988-08-01,MASA,129.4611478510106
Mazandaran,1550.0,99348,36.39,51.73,Kojur,1988-08-01,MASA,274.9280715646947
Mazandaran,-20.9,40734,36.66,51.47,Nowshahr,1988-08-01,MASA,121.21855563547257
Mazandaran,610.0,99360,36.1,53.06,Polsefid,1988-08-01,MASA,158.14031011488083
Mazandaran,-20.0,40732,36.9,50.68,Ramsar,1988-08-01,MASA,142.60167724516037
Mazandaran,23.0,40759,36.54,53.0,Sari,1988-08-01,MASA,131.2236273946965
Mazandaran,16.7,40788,36.64,53.2,Sari (Dasht-E-Naz Airport),1988-08-01,MASA,112.81365997221116
Mazandaran,1855.4,40735,36.23,51.3,Siahbisheh,1988-08-01,MASA,142.54548496629837
Mazandaran,1805.0,99361,36.07,52.84,Alasht,1988-09-01,MASA,144.8501540076208
Mazandaran,23.7,99309,36.48,52.47,Amol,1988-09-01,MASA,67.27071532124995
Mazandaran,-21.0,40736,36.7,52.64,Babolsar,1988-09-01,MASA,21.899838532156934
Mazandaran,2120.0,99357,36.2,51.8,Baladeh,1988-09-01,MASA,85.88287659997462
Mazandaran,-20.0,99306,36.86,53.39,Bandar-E-Amirabad,1988-09-01,MASA,37.837256277747144
Mazandaran,-10.0,99299,36.74,53.84,Galugah,1988-09-01,MASA,73.18875619287013
Mazandaran,14.7,40737,36.49,52.11,Gharakhil,1988-09-01,MASA,160.4805184256506
Mazandaran,1294.3,40760,36.25,53.55,Kiyasar,1988-09-01,MASA,67.20330246800899
Mazandaran,1550.0,99348,36.39,51.73,Kojur,1988-09-01,MASA,165.91372021550654
Mazandaran,-20.9,40734,36.66,51.47,Nowshahr,1988-09-01,MASA,111.92025669927119
Mazandaran,610.0,99360,36.1,53.06,Polsefid,1988-09-01,MASA,124.00818296784877
Mazandaran,-20.0,40732,36.9,50.68,Ramsar,1988-09-01,MASA,139.36746546144008
Mazandaran,23.0,40759,36.54,53.0,Sari,1988-09-01,MASA,69.93730791921138
Mazandaran,16.7,40788,36.64,53.2,Sari (Dasht-E-Naz Airport),1988-09-01,MASA,49.903203333563795
Mazandaran,1855.4,40735,36.23,51.3,Siahbisheh,1988-09-01,MASA,46.812374676413526
Mazandaran,1805.0,99361,36.07,52.84,Alasht,1988-10-01,MASA,135.54723579404993
Mazandaran,23.7,99309,36.48,52.47,Amol,1988-10-01,MASA,119.41820401666803
Mazandaran,-21.0,40736,36.7,52.64,Babolsar,1988-10-01,MASA,79.69862241266412
Mazandaran,2120.0,99357,36.2,51.8,Baladeh,1988-10-01,MASA,94.41380221365137
Mazandaran,-20.0,99306,36.86,53.39,Bandar-E-Amirabad,1988-10-01,MASA,73.67935795305414
Mazandaran,-10.0,99299,36.74,53.84,Galugah,1988-10-01,MASA,95.41223961828393
Mazandaran,14.7,40737,36.49,52.11,Gharakhil,1988-10-01,MASA,208.68720132826013
Mazandaran,1294.3,40760,36.25,53.55,Kiyasar,1988-10-01,MASA,70.98537702081842
Mazandaran,1550.0,99348,36.39,51.73,Kojur,1988-10-01,MASA,126.53155643461389
Mazandaran,-20.9,40734,36.66,51.47,Nowshahr,1988-10-01,MASA,153.1598420810525
Mazandaran,610.0,99360,36.1,53.06,Polsefid,1988-10-01,MASA,118.36405117033166
Mazandaran,-20.0,40732,36.9,50.68,Ramsar,1988-10-01,MASA,212.71070856569452
Mazandaran,23.0,40759,36.54,53.0,Sari,1988-10-01,MASA,80.78821022031946
Mazandaran,16.7,40788,36.64,53.2,Sari (Dasht-E-Naz Airport),1988-10-01,MASA,72.77874667165918
Mazandaran,1855.4,40735,36.23,51.3,Siahbisheh,1988-10-01,MASA,73.61781615732355
Mazandaran,1805.0,99361,36.07,52.84,Alasht,1988-11-01,MASA,91.75929073017386
Mazandaran,23.7,99309,36.48,52.47,Amol,1988-11-01,MASA,92.92792919796256
Mazandaran,-21.0,40736,36.7,52.64,Babolsar,1988-11-01,MASA,48.84123448055533
Mazandaran,2120.0,99357,36.2,51.8,Baladeh,1988-11-01,MASA,74.05034843605307
Mazandaran,-20.0,99306,36.86,53.39,Bandar-E-Amirabad,1988-11-01,MASA,94.95015088241843
Mazandaran,-10.0,99299,36.74,53.84,Galugah,1988-11-01,MASA,75.43976250808981
Mazandaran,14.7,40737,36.49,52.11,Gharakhil,1988-11-01,MASA,150.8800053946331
Mazandaran,1294.3,40760,36.25,53.55,Kiyasar,1988-11-01,MASA,65.70198777836112
Mazandaran,1550.0,99348,36.39,51.73,Kojur,1988-11-01,MASA,108.75995103042868
Mazandaran,-20.9,40734,36.66,51.47,Nowshahr,1988-11-01,MASA,172.90554586571005
Mazandaran,610.0,99360,36.1,53.06,Polsefid,1988-11-01,MASA,79.79009691398886
Mazandaran,-20.0,40732,36.9,50.68,Ramsar,1988-11-01,MASA,218.45842543762473
Mazandaran,23.0,40759,36.54,53.0,Sari,1988-11-01,MASA,74.96825996559409
Mazandaran,16.7,40788,36.64,53.2,Sari (Dasht-E-Naz Airport),1988-11-01,MASA,71.32541779201773
Mazandaran,1855.4,40735,36.23,51.3,Siahbisheh,1988-11-01,MASA,100.05969945114401
Mazandaran,1805.0,99361,36.07,52.84,Alasht,1988-12-01,MASA,73.65702113287398
Mazandaran,23.7,99309,36.48,52.47,Amol,1988-12-01,MASA,93.89983883278319
Mazandaran,-21.0,40736,36.7,52.64,Babolsar,1988-12-01,MASA,51.58558508531996
Mazandaran,2120.0,99357,36.2,51.8,Baladeh,1988-12-01,MASA,34.41710045711943
Mazandaran,-20.0,99306,36.86,53.39,Bandar-E-Amirabad,1988-12-01,MASA,67.71872958319136
Mazandaran,-10.0,99299,36.74,53.84,Galugah,1988-12-01,MASA,82.56521841661879
Mazandaran,14.7,40737,36.49,52.11,Gharakhil,1988-12-01,MASA,85.8063699878926
Mazandaran,1294.3,40760,36.25,53.55,Kiyasar,1988-12-01,MASA,64.52989598886916
Mazandaran,1550.0,99348,36.39,51.73,Kojur,1988-12-01,MASA,26.479304043220964
Mazandaran,-20.9,40734,36.66,51.47,Nowshahr,1988-12-01,MASA,114.26162740366408
Mazandaran,610.0,99360,36.1,53.06,Polsefid,1988-12-01,MASA,86.22121831552931
Mazandaran,-20.0,40732,36.9,50.68,Ramsar,1988-12-01,MASA,166.71541353838393
Mazandaran,23.0,40759,36.54,53.0,Sari,1988-12-01,MASA,82.52468725817153
Mazandaran,16.7,40788,36.64,53.2,Sari (Dasht-E-Naz Airport),1988-12-01,MASA,70.45066377298781
Mazandaran,1855.4,40735,36.23,51.3,Siahbisheh,1988-12-01,MASA,51.65023377315947
Mazandaran,1805.0,99361,36.07,52.84,Alasht,1989-01-01,MASA,65.0113787763189
Mazandaran,23.7,99309,36.48,52.47,Amol,1989-01-01,MASA,121.10067571330774
Mazandaran,-21.0,40736,36.7,52.64,Babolsar,1989-01-01,MASA,84.46508313346612
Mazandaran,2120.0,99357,36.2,51.8,Baladeh,1989-01-01,MASA,59.9558916204046
Mazandaran,-20.0,99306,36.86,53.39,Bandar-E-Amirabad,1989-01-01,MASA,78.00234521556604
Mazandaran,-10.0,99299,36.74,53.84,Galugah,1989-01-01,MASA,73.74661828208673
Mazandaran,14.7,40737,36.49,52.11,Gharakhil,1989-01-01,MASA,147.4587288014959
Mazandaran,1294.3,40760,36.25,53.55,Kiyasar,1989-01-01,MASA,59.46142638850915
Mazandaran,1550.0,99348,36.39,51.73,Kojur,1989-01-01,MASA,88.81120051074731
Mazandaran,-20.9,40734,36.66,51.47,Nowshahr,1989-01-01,MASA,197.13279272247064
Mazandaran,610.0,99360,36.1,53.06,Polsefid,1989-01-01,MASA,55.01977766681421
Mazandaran,-20.0,40732,36.9,50.68,Ramsar,1989-01-01,MASA,243.98398066688287
Mazandaran,23.0,40759,36.54,53.0,Sari,1989-01-01,MASA,82.07049633193719
Mazandaran,16.7,40788,36.64,53.2,Sari (Dasht-E-Naz Airport),1989-01-01,MASA,80.45024837184656
Mazandaran,1855.4,40735,36.23,51.3,Siahbisheh,1989-01-01,MASA,67.16254020858514
Mazandaran,1805.0,99361,36.07,52.84,Alasht,1989-02-01,MASA,53.76692772226477
Mazandaran,23.7,99309,36.48,52.47,Amol,1989-02-01,MASA,75.13753235654974
Mazandaran,-21.0,40736,36.7,52.64,Babolsar,1989-02-01,MASA,55.464341345597745
Mazandaran,2120.0,99357,36.2,51.8,Baladeh,1989-02-01,MASA,53.564331534673215
Mazandaran,-20.0,99306,36.86,53.39,Bandar-E-Amirabad,1989-02-01,MASA,45.597425702382566
Mazandaran,-10.0,99299,36.74,53.84,Galugah,1989-02-01,MASA,63.253543380071164
Mazandaran,14.7,40737,36.49,52.11,Gharakhil,1989-02-01,MASA,96.19881868677282
Mazandaran,1294.3,40760,36.25,53.55,Kiyasar,1989-02-01,MASA,48.85338157730246
Mazandaran,1550.0,99348,36.39,51.73,Kojur,1989-02-01,MASA,66.53817653970862
Mazandaran,-20.9,40734,36.66,51.47,Nowshahr,1989-02-01,MASA,133.87495935278082
Mazandaran,610.0,99360,36.1,53.06,Polsefid,1989-02-01,MASA,48.41980994062567
Mazandaran,-20.0,40732,36.9,50.68,Ramsar,1989-02-01,MASA,171.4491909773841
Mazandaran,23.0,40759,36.54,53.0,Sari,1989-02-01,MASA,60.395500663091184
Mazandaran,16.7,40788,36.64,53.2,Sari (Dasht-E-Naz Airport),1989-02-01,MASA,58.41723740415716
Mazandaran,1855.4,40735,36.23,51.3,Siahbisheh,1989-02-01,MASA,57.621351483632566
Mazandaran,1805.0,99361,36.07,52.84,Alasht,1989-03-01,MASA,105.33185999377892
Mazandaran,23.7,99309,36.48,52.47,Amol,1989-03-01,MASA,113.6603127001159
Mazandaran,-21.0,40736,36.7,52.64,Babolsar,1989-03-01,MASA,82.95466701968834
Mazandaran,2120.0,99357,36.2,51.8,Baladeh,1989-03-01,MASA,98.3879635809295
Mazandaran,-20.0,99306,36.86,53.39,Bandar-E-Amirabad,1989-03-01,MASA,118.83266966327355
Mazandaran,-10.0,99299,36.74,53.84,Galugah,1989-03-01,MASA,114.28659360393212
Mazandaran,14.7,40737,36.49,52.11,Gharakhil,1989-03-01,MASA,122.37409453376458
Mazandaran,1294.3,40760,36.25,53.55,Kiyasar,1989-03-01,MASA,115.76149563773797
Mazandaran,1550.0,99348,36.39,51.73,Kojur,1989-03-01,MASA,116.22516016944573
Mazandaran,-20.9,40734,36.66,51.47,Nowshahr,1989-03-01,MASA,129.42898969634697
Mazandaran,610.0,99360,36.1,53.06,Polsefid,1989-03-01,MASA,106.69580798133538
Mazandaran,-20.0,40732,36.9,50.68,Ramsar,1989-03-01,MASA,117.62393217071221
Mazandaran,23.0,40759,36.54,53.0,Sari,1989-03-01,MASA,115.59190552219079
Mazandaran,16.7,40788,36.64,53.2,Sari (Dasht-E-Naz Airport),1989-03-01,MASA,111.37980918868706
Mazandaran,1855.4,40735,36.23,51.3,Siahbisheh,1989-03-01,MASA,115.04203777297661
Mazandaran,1805.0,99361,36.07,52.84,Alasht,1989-04-01,MASA,82.46830447578546
Mazandaran,23.7,99309,36.48,52.47,Amol,1989-04-01,MASA,39.52573581600305
Mazandaran,-21.0,40736,36.7,52.64,Babolsar,1989-04-01,MASA,15.956077417374814
Mazandaran,2120.0,99357,36.2,51.8,Baladeh,1989-04-01,MASA,46.90388931894418
Mazandaran,-20.0,99306,36.86,53.39,Bandar-E-Amirabad,1989-04-01,MASA,13.121302863599027
Mazandaran,-10.0,99299,36.74,53.84,Galugah,1989-04-01,MASA,44.863585075379575
Mazandaran,14.7,40737,36.49,52.11,Gharakhil,1989-04-01,MASA,45.664746006966794
Mazandaran,1294.3,40760,36.25,53.55,Kiyasar,1989-04-01,MASA,57.67182602548715
Mazandaran,1550.0,99348,36.39,51.73,Kojur,1989-04-01,MASA,58.30031975174066
Mazandaran,-20.9,40734,36.66,51.47,Nowshahr,1989-04-01,MASA,42.04892708921548
Mazandaran,610.0,99360,36.1,53.06,Polsefid,1989-04-01,MASA,75.62723352575418
Mazandaran,-20.0,40732,36.9,50.68,Ramsar,1989-04-01,MASA,38.2574309315693
Mazandaran,23.0,40759,36.54,53.0,Sari,1989-04-01,MASA,37.971410593033994
Mazandaran,16.7,40788,36.64,53.2,Sari (Dasht-E-Naz Airport),1989-04-01,MASA,30.248280307294095
Mazandaran,1855.4,40735,36.23,51.3,Siahbisheh,1989-04-01,MASA,45.37690027618524
Mazandaran,1805.0,99361,36.07,52.84,Alasht,1989-05-01,MASA,101.90010731325927
Mazandaran,23.7,99309,36.48,52.47,Amol,1989-05-01,MASA,55.36098693714919
Mazandaran,-21.0,40736,36.7,52.64,Babolsar,1989-05-01,MASA,10.64341430769744
Mazandaran,2120.0,99357,36.2,51.8,Baladeh,1989-05-01,MASA,107.6695538054544
Mazandaran,-20.0,99306,36.86,53.39,Bandar-E-Amirabad,1989-05-01,MASA,15.030033041103508
Mazandaran,-10.0,99299,36.74,53.84,Galugah,1989-05-01,MASA,38.36429779635253
Mazandaran,14.7,40737,36.49,52.11,Gharakhil,1989-05-01,MASA,131.18909959898772
Mazandaran,1294.3,40760,36.25,53.55,Kiyasar,1989-05-01,MASA,38.79844312773528
Mazandaran,1550.0,99348,36.39,51.73,Kojur,1989-05-01,MASA,106.81717758284393
Mazandaran,-20.9,40734,36.66,51.47,Nowshahr,1989-05-01,MASA,67.88919036494079
Mazandaran,610.0,99360,36.1,53.06,Polsefid,1989-05-01,MASA,80.50287430392089
Mazandaran,-20.0,40732,36.9,50.68,Ramsar,1989-05-01,MASA,86.75517802344146
Mazandaran,23.0,40759,36.54,53.0,Sari,1989-05-01,MASA,29.116756368740226
Mazandaran,16.7,40788,36.64,53.2,Sari (Dasht-E-Naz Airport),1989-05-01,MASA,22.070220757587578
Mazandaran,1855.4,40735,36.23,51.3,Siahbisheh,1989-05-01,MASA,94.43674152003112
Mazandaran,1805.0,99361,36.07,52.84,Alasht,1989-06-01,MASA,55.1133112219091
Mazandaran,23.7,99309,36.48,52.47,Amol,1989-06-01,MASA,40.86125951082664
Mazandaran,-21.0,40736,36.7,52.64,Babolsar,1989-06-01,MASA,10.943944862198407
Mazandaran,2120.0,99357,36.2,51.8,Baladeh,1989-06-01,MASA,89.15522258551078
Mazandaran,-20.0,99306,36.86,53.39,Bandar-E-Amirabad,1989-06-01,MASA,10.726298501801068
Mazandaran,-10.0,99299,36.74,53.84,Galugah,1989-06-01,MASA,18.116767814468915
Mazandaran,14.7,40737,36.49,52.11,Gharakhil,1989-06-01,MASA,122.80229788095909
Mazandaran,1294.3,40760,36.25,53.55,Kiyasar,1989-06-01,MASA,20.896624138664777
Mazandaran,1550.0,99348,36.39,51.73,Kojur,1989-06-01,MASA,110.92200439245659
Mazandaran,-20.9,40734,36.66,51.47,Nowshahr,1989-06-01,MASA,25.976042559456403
Mazandaran,610.0,99360,36.1,53.06,Polsefid,1989-06-01,MASA,40.47435086042839
Mazandaran,-20.0,40732,36.9,50.68,Ramsar,1989-06-01,MASA,23.40259712011772
Mazandaran,23.0,40759,36.54,53.0,Sari,1989-06-01,MASA,25.505866220306928
Mazandaran,16.7,40788,36.64,53.2,Sari (Dasht-E-Naz Airport),1989-06-01,MASA,19.65738396913963
Mazandaran,1855.4,40735,36.23,51.3,Siahbisheh,1989-06-01,MASA,58.22033744127708
Mazandaran,1805.0,99361,36.07,52.84,Alasht,1989-07-01,MASA,62.638177858879374
Mazandaran,23.7,99309,36.48,52.47,Amol,1989-07-01,MASA,46.39062224536161
Mazandaran,-21.0,40736,36.7,52.64,Babolsar,1989-07-01,MASA,6.761371480514811
Mazandaran,2120.0,99357,36.2,51.8,Baladeh,1989-07-01,MASA,86.41233979373197
Mazandaran,-20.0,99306,36.86,53.39,Bandar-E-Amirabad,1989-07-01,MASA,3.570496427109049
Mazandaran,-10.0,99299,36.74,53.84,Galugah,1989-07-01,MASA,7.690950619270609
Mazandaran,14.7,40737,36.49,52.11,Gharakhil,1989-07-01,MASA,101.00397406726103
Mazandaran,1294.3,40760,36.25,53.55,Kiyasar,1989-07-01,MASA,21.436943995048807
Mazandaran,1550.0,99348,36.39,51.73,Kojur,1989-07-01,MASA,129.79777096419554
Mazandaran,-20.9,40734,36.66,51.47,Nowshahr,1989-07-01,MASA,46.0801416507266
Mazandaran,610.0,99360,36.1,53.06,Polsefid,1989-07-01,MASA,29.44979010730009
Mazandaran,-20.0,40732,36.9,50.68,Ramsar,1989-07-01,MASA,33.06186138301115
Mazandaran,23.0,40759,36.54,53.0,Sari,1989-07-01,MASA,25.251209126999186
Mazandaran,16.7,40788,36.64,53.2,Sari (Dasht-E-Naz Airport),1989-07-01,MASA,13.927175985863016
Mazandaran,1855.4,40735,36.23,51.3,Siahbisheh,1989-07-01,MASA,54.324000464966105
Mazandaran,1805.0,99361,36.07,52.84,Alasht,1989-08-01,MASA,78.31680567930022
Mazandaran,23.7,99309,36.48,52.47,Amol,1989-08-01,MASA,76.17494257161894
Mazandaran,-21.0,40736,36.7,52.64,Babolsar,1989-08-01,MASA,27.083677966096786
Mazandaran,2120.0,99357,36.2,51.8,Baladeh,1989-08-01,MASA,156.6912958211688
Mazandaran,-20.0,99306,36.86,53.39,Bandar-E-Amirabad,1989-08-01,MASA,24.541718680360702
Mazandaran,-10.0,99299,36.74,53.84,Galugah,1989-08-01,MASA,70.3754851407794
Mazandaran,14.7,40737,36.49,52.11,Gharakhil,1989-08-01,MASA,145.10324390600005
Mazandaran,1294.3,40760,36.25,53.55,Kiyasar,1989-08-01,MASA,94.22093423078337
Mazandaran,1550.0,99348,36.39,51.73,Kojur,1989-08-01,MASA,260.4171911067752
Mazandaran,-20.9,40734,36.66,51.47,Nowshahr,1989-08-01,MASA,107.47189613054076
Mazandaran,610.0,99360,36.1,53.06,Polsefid,1989-08-01,MASA,75.1694271154193
Mazandaran,-20.0,40732,36.9,50.68,Ramsar,1989-08-01,MASA,134.46955176065245
Mazandaran,23.0,40759,36.54,53.0,Sari,1989-08-01,MASA,90.76525064180174
Mazandaran,16.7,40788,36.64,53.2,Sari (Dasht-E-Naz Airport),1989-08-01,MASA,67.78238506982603
Mazandaran,1855.4,40735,36.23,51.3,Siahbisheh,1989-08-01,MASA,111.15065010259428
Mazandaran,1805.0,99361,36.07,52.84,Alasht,1989-09-01,MASA,172.94486906209983
Mazandaran,23.7,99309,36.48,52.47,Amol,1989-09-01,MASA,110.5747624842266
Mazandaran,-21.0,40736,36.7,52.64,Babolsar,1989-09-01,MASA,90.96580292860068
Mazandaran,2120.0,99357,36.2,51.8,Baladeh,1989-09-01,MASA,100.57760324159659
Mazandaran,-20.0,99306,36.86,53.39,Bandar-E-Amirabad,1989-09-01,MASA,145.0971915928463
Mazandaran,-10.0,99299,36.74,53.84,Galugah,1989-09-01,MASA,115.64975526014365
Mazandaran,14.7,40737,36.49,52.11,Gharakhil,1989-09-01,MASA,197.1138670651058
Mazandaran,1294.3,40760,36.25,53.55,Kiyasar,1989-09-01,MASA,92.51154508272208
Mazandaran,1550.0,99348,36.39,51.73,Kojur,1989-09-01,MASA,219.22020163217582
Mazandaran,-20.9,40734,36.66,51.47,Nowshahr,1989-09-01,MASA,219.32279612699546
Mazandaran,610.0,99360,36.1,53.06,Polsefid,1989-09-01,MASA,153.4999414888958
Mazandaran,-20.0,40732,36.9,50.68,Ramsar,1989-09-01,MASA,264.6699204651455
Mazandaran,23.0,40759,36.54,53.0,Sari,1989-09-01,MASA,103.84284999052085
Mazandaran,16.7,40788,36.64,53.2,Sari (Dasht-E-Naz Airport),1989-09-01,MASA,112.88284804502524
Mazandaran,1855.4,40735,36.23,51.3,Siahbisheh,1989-09-01,MASA,64.55829288641013
Mazandaran,1805.0,99361,36.07,52.84,Alasht,1989-10-01,MASA,98.76500900336538
Mazandaran,23.7,99309,36.48,52.47,Amol,1989-10-01,MASA,134.05206139632497
Mazandaran,-21.0,40736,36.7,52.64,Babolsar,1989-10-01,MASA,79.61490090438161
Mazandaran,2120.0,99357,36.2,51.8,Baladeh,1989-10-01,MASA,64.39646418639455
Mazandaran,-20.0,99306,36.86,53.39,Bandar-E-Amirabad,1989-10-01,MASA,69.580950694764
Mazandaran,-10.0,99299,36.74,53.84,Galugah,1989-10-01,MASA,84.45983465262685
Mazandaran,14.7,40737,36.49,52.11,Gharakhil,1989-10-01,MASA,193.34749217578207
Mazandaran,1294.3,40760,36.25,53.55,Kiyasar,1989-10-01,MASA,62.33292158194814
Mazandaran,1550.0,99348,36.39,51.73,Kojur,1989-10-01,MASA,116.19649167605672
Mazandaran,-20.9,40734,36.66,51.47,Nowshahr,1989-10-01,MASA,220.2004277283791
Mazandaran,610.0,99360,36.1,53.06,Polsefid,1989-10-01,MASA,78.34995623179708
Mazandaran,-20.0,40732,36.9,50.68,Ramsar,1989-10-01,MASA,293.0451416546944
Mazandaran,23.0,40759,36.54,53.0,Sari,1989-10-01,MASA,109.15979083129201
Mazandaran,16.7,40788,36.64,53.2,Sari (Dasht-E-Naz Airport),1989-10-01,MASA,97.03081186362539
Mazandaran,1855.4,40735,36.23,51.3,Siahbisheh,1989-10-01,MASA,59.69310637065206
Mazandaran,1805.0,99361,36.07,52.84,Alasht,1989-11-01,MASA,35.765123979032865
Mazandaran,23.7,99309,36.48,52.47,Amol,1989-11-01,MASA,49.06742782968365
Mazandaran,-21.0,40736,36.7,52.64,Babolsar,1989-11-01,MASA,18.943247810781827
Mazandaran,2120.0,99357,36.2,51.8,Baladeh,1989-11-01,MASA,30.41901202577435
Mazandaran,-20.0,99306,36.86,53.39,Bandar-E-Amirabad,1989-11-01,MASA,30.745727435530057
Mazandaran,-10.0,99299,36.74,53.84,Galugah,1989-11-01,MASA,31.459776178778043
Mazandaran,14.7,40737,36.49,52.11,Gharakhil,1989-11-01,MASA,78.8928991712936
Mazandaran,1294.3,40760,36.25,53.55,Kiyasar,1989-11-01,MASA,18.343438819826474
Mazandaran,1550.0,99348,36.39,51.73,Kojur,1989-11-01,MASA,53.57141555923306
Mazandaran,-20.9,40734,36.66,51.47,Nowshahr,1989-11-01,MASA,136.237842456282
Mazandaran,610.0,99360,36.1,53.06,Polsefid,1989-11-01,MASA,22.161324933946958
Mazandaran,-20.0,40732,36.9,50.68,Ramsar,1989-11-01,MASA,208.06336166042172
Mazandaran,23.0,40759,36.54,53.0,Sari,1989-11-01,MASA,29.53424812930905
Mazandaran,16.7,40788,36.64,53.2,Sari (Dasht-E-Naz Airport),1989-11-01,MASA,26.821104303778043
Mazandaran,1855.4,40735,36.23,51.3,Siahbisheh,1989-11-01,MASA,35.83151610273205
Mazandaran,1805.0,99361,36.07,52.84,Alasht,1989-12-01,MASA,68.16051313811755
Mazandaran,23.7,99309,36.48,52.47,Amol,1989-12-01,MASA,111.36887381011462
Mazandaran,-21.0,40736,36.7,52.64,Babolsar,1989-12-01,MASA,81.78308019572711
Mazandaran,2120.0,99357,36.2,51.8,Baladeh,1989-12-01,MASA,66.63967082435107
Mazandaran,-20.0,99306,36.86,53.39,Bandar-E-Amirabad,1989-12-01,MASA,103.74325672322726
Mazandaran,-10.0,99299,36.74,53.84,Galugah,1989-12-01,MASA,74.98849341804004
Mazandaran,14.7,40737,36.49,52.11,Gharakhil,1989-12-01,MASA,154.69601163798785
Mazandaran,1294.3,40760,36.25,53.55,Kiyasar,1989-12-01,MASA,51.05047831469989
Mazandaran,1550.0,99348,36.39,51.73,Kojur,1989-12-01,MASA,80.48428008491015
Mazandaran,-20.9,40734,36.66,51.47,Nowshahr,1989-12-01,MASA,226.78754637176013
Mazandaran,610.0,99360,36.1,53.06,Polsefid,1989-12-01,MASA,56.357348059954404
Mazandaran,-20.0,40732,36.9,50.68,Ramsar,1989-12-01,MASA,291.3042248242519
Mazandaran,23.0,40759,36.54,53.0,Sari,1989-12-01,MASA,74.45045719081378
Mazandaran,16.7,40788,36.64,53.2,Sari (Dasht-E-Naz Airport),1989-12-01,MASA,73.94587407046771
Mazandaran,1855.4,40735,36.23,51.3,Siahbisheh,1989-12-01,MASA,69.88939801389193
Mazandaran,1805.0,99361,36.07,52.84,Alasht,1990-01-01,MASA,64.85875424888476
Mazandaran,23.7,99309,36.48,52.47,Amol,1990-01-01,MASA,106.27873715904101
Mazandaran,-21.0,40736,36.7,52.64,Babolsar,1990-01-01,MASA,80.23278889205798
Mazandaran,2120.0,99357,36.2,51.8,Baladeh,1990-01-01,MASA,46.41701755073413
Mazandaran,-20.0,99306,36.86,53.39,Bandar-E-Amirabad,1990-01-01,MASA,113.72857269790515
Mazandaran,-10.0,99299,36.74,53.84,Galugah,1990-01-01,MASA,92.50601110008105
Mazandaran,14.7,40737,36.49,52.11,Gharakhil,1990-01-01,MASA,115.463604302672
Mazandaran,1294.3,40760,36.25,53.55,Kiyasar,1990-01-01,MASA,72.5859003975664
Mazandaran,1550.0,99348,36.39,51.73,Kojur,1990-01-01,MASA,65.18277999904498
Mazandaran,-20.9,40734,36.66,51.47,Nowshahr,1990-01-01,MASA,182.88773772266254
Mazandaran,610.0,99360,36.1,53.06,Polsefid,1990-01-01,MASA,63.99615582969531
Mazandaran,-20.0,40732,36.9,50.68,Ramsar,1990-01-01,MASA,210.49398657825336
Mazandaran,23.0,40759,36.54,53.0,Sari,1990-01-01,MASA,88.55563876178607
Mazandaran,16.7,40788,36.64,53.2,Sari (Dasht-E-Naz Airport),1990-01-01,MASA,97.23215279128894
Mazandaran,1855.4,40735,36.23,51.3,Siahbisheh,1990-01-01,MASA,66.77864965942248
Mazandaran,1805.0,99361,36.07,52.84,Alasht,1990-02-01,MASA,47.857386505935295
Mazandaran,23.7,99309,36.48,52.47,Amol,1990-02-01,MASA,58.52331731352578
Mazandaran,-21.0,40736,36.7,52.64,Babolsar,1990-02-01,MASA,26.855779326293572
Mazandaran,2120.0,99357,36.2,51.8,Baladeh,1990-02-01,MASA,46.30449924502145
Mazandaran,-20.0,99306,36.86,53.39,Bandar-E-Amirabad,1990-02-01,MASA,47.11862418684731
Mazandaran,-10.0,99299,36.74,53.84,Galugah,1990-02-01,MASA,45.55671427283059
Mazandaran,14.7,40737,36.49,52.11,Gharakhil,1990-02-01,MASA,85.06543699536095
Mazandaran,1294.3,40760,36.25,53.55,Kiyasar,1990-02-01,MASA,42.87630829844247
Mazandaran,1550.0,99348,36.39,51.73,Kojur,1990-02-01,MASA,53.14421418938409
Mazandaran,-20.9,40734,36.66,51.47,Nowshahr,1990-02-01,MASA,109.85345903668176
Mazandaran,610.0,99360,36.1,53.06,Polsefid,1990-02-01,MASA,42.289820945594414
Mazandaran,-20.0,40732,36.9,50.68,Ramsar,1990-02-01,MASA,144.24928787979852
Mazandaran,23.0,40759,36.54,53.0,Sari,1990-02-01,MASA,50.14975134167443
Mazandaran,16.7,40788,36.64,53.2,Sari (Dasht-E-Naz Airport),1990-02-01,MASA,43.91848061117898
Mazandaran,1855.4,40735,36.23,51.3,Siahbisheh,1990-02-01,MASA,56.33925411734353
Mazandaran,1805.0,99361,36.07,52.84,Alasht,1990-03-01,MASA,69.59406679506941
Mazandaran,23.7,99309,36.48,52.47,Amol,1990-03-01,MASA,83.25266486044569
Mazandaran,-21.0,40736,36.7,52.64,Babolsar,1990-03-01,MASA,68.94883161421461
Mazandaran,2120.0,99357,36.2,51.8,Baladeh,1990-03-01,MASA,58.04413205023451
Mazandaran,-20.0,99306,36.86,53.39,Bandar-E-Amirabad,1990-03-01,MASA,70.28440779085798
Mazandaran,-10.0,99299,36.74,53.84,Galugah,1990-03-01,MASA,92.45924299593611
Mazandaran,14.7,40737,36.49,52.11,Gharakhil,1990-03-01,MASA,78.17080264921827
Mazandaran,1294.3,40760,36.25,53.55,Kiyasar,1990-03-01,MASA,87.01969331141157
Mazandaran,1550.0,99348,36.39,51.73,Kojur,1990-03-01,MASA,54.44375818606062
Mazandaran,-20.9,40734,36.66,51.47,Nowshahr,1990-03-01,MASA,103.0415857398097
Mazandaran,610.0,99360,36.1,53.06,Polsefid,1990-03-01,MASA,73.9503467642848
Mazandaran,-20.0,40732,36.9,50.68,Ramsar,1990-03-01,MASA,128.1113291346614
Mazandaran,23.0,40759,36.54,53.0,Sari,1990-03-01,MASA,93.82421916361494
Mazandaran,16.7,40788,36.64,53.2,Sari (Dasht-E-Naz Airport),1990-03-01,MASA,88.0889559351985
Mazandaran,1855.4,40735,36.23,51.3,Siahbisheh,1990-03-01,MASA,90.84795063372297
Mazandaran,1805.0,99361,36.07,52.84,Alasht,1990-04-01,MASA,134.26098000271125
Mazandaran,23.7,99309,36.48,52.47,Amol,1990-04-01,MASA,82.44287740452094
Mazandaran,-21.0,40736,36.7,52.64,Babolsar,1990-04-01,MASA,34.43488251430793
Mazandaran,2120.0,99357,36.2,51.8,Baladeh,1990-04-01,MASA,56.51773285133643
Mazandaran,-20.0,99306,36.86,53.39,Bandar-E-Amirabad,1990-04-01,MASA,62.263367287943794
Mazandaran,-10.0,99299,36.74,53.84,Galugah,1990-04-01,MASA,77.42295932037635
Mazandaran,14.7,40737,36.49,52.11,Gharakhil,1990-04-01,MASA,108.54948829872413
Mazandaran,1294.3,40760,36.25,53.55,Kiyasar,1990-04-01,MASA,96.80954884750648
Mazandaran,1550.0,99348,36.39,51.73,Kojur,1990-04-01,MASA,63.12542926533027
Mazandaran,-20.9,40734,36.66,51.47,Nowshahr,1990-04-01,MASA,86.72500919563575
Mazandaran,610.0,99360,36.1,53.06,Polsefid,1990-04-01,MASA,126.96532677871986
Mazandaran,-20.0,40732,36.9,50.68,Ramsar,1990-04-01,MASA,102.54446934921546
Mazandaran,23.0,40759,36.54,53.0,Sari,1990-04-01,MASA,68.51523887378974
Mazandaran,16.7,40788,36.64,53.2,Sari (Dasht-E-Naz Airport),1990-04-01,MASA,60.758677832911445
Mazandaran,1855.4,40735,36.23,51.3,Siahbisheh,1990-04-01,MASA,74.47732757789893
Mazandaran,1805.0,99361,36.07,52.84,Alasht,1990-05-01,MASA,90.62979889866796
Mazandaran,23.7,99309,36.48,52.47,Amol,1990-05-01,MASA,30.999881753892566
Mazandaran,-21.0,40736,36.7,52.64,Babolsar,1990-05-01,MASA,11.510220894784595
Mazandaran,2120.0,99357,36.2,51.8,Baladeh,1990-05-01,MASA,68.17641628739324
Mazandaran,-20.0,99306,36.86,53.39,Bandar-E-Amirabad,1990-05-01,MASA,15.555543432206775
Mazandaran,-10.0,99299,36.74,53.84,Galugah,1990-05-01,MASA,27.0608491992661
Mazandaran,14.7,40737,36.49,52.11,Gharakhil,1990-05-01,MASA,66.87094045636144
Mazandaran,1294.3,40760,36.25,53.55,Kiyasar,1990-05-01,MASA,42.48717201706853
Mazandaran,1550.0,99348,36.39,51.73,Kojur,1990-05-01,MASA,105.32887054440465
Mazandaran,-20.9,40734,36.66,51.47,Nowshahr,1990-05-01,MASA,50.219369659394886
Mazandaran,610.0,99360,36.1,53.06,Polsefid,1990-05-01,MASA,88.72784448620763
Mazandaran,-20.0,40732,36.9,50.68,Ramsar,1990-05-01,MASA,86.07007337567296
Mazandaran,23.0,40759,36.54,53.0,Sari,1990-05-01,MASA,32.10243357178655
Mazandaran,16.7,40788,36.64,53.2,Sari (Dasht-E-Naz Airport),1990-05-01,MASA,24.391306171388294
Mazandaran,1855.4,40735,36.23,51.3,Siahbisheh,1990-05-01,MASA,73.27519131657567
Mazandaran,1805.0,99361,36.07,52.84,Alasht,1990-06-01,MASA,31.891194604227735
Mazandaran,23.7,99309,36.48,52.47,Amol,1990-06-01,MASA,20.730195067713453
Mazandaran,-21.0,40736,36.7,52.64,Babolsar,1990-06-01,MASA,4.477796576807691
Mazandaran,2120.0,99357,36.2,51.8,Baladeh,1990-06-01,MASA,35.47471525509138
Mazandaran,-20.0,99306,36.86,53.39,Bandar-E-Amirabad,1990-06-01,MASA,6.54648008186598
Mazandaran,-10.0,99299,36.74,53.84,Galugah,1990-06-01,MASA,24.4893110020854
Mazandaran,14.7,40737,36.49,52.11,Gharakhil,1990-06-01,MASA,38.49087419349928
Mazandaran,1294.3,40760,36.25,53.55,Kiyasar,1990-06-01,MASA,32.75611760456343
Mazandaran,1550.0,99348,36.39,51.73,Kojur,1990-06-01,MASA,51.35692419845839
Mazandaran,-20.9,40734,36.66,51.47,Nowshahr,1990-06-01,MASA,28.84991230804701
Mazandaran,610.0,99360,36.1,53.06,Polsefid,1990-06-01,MASA,34.949926160166456
Mazandaran,-20.0,40732,36.9,50.68,Ramsar,1990-06-01,MASA,33.13125433761854
Mazandaran,23.0,40759,36.54,53.0,Sari,1990-06-01,MASA,28.851864360163404
Mazandaran,16.7,40788,36.64,53.2,Sari (Dasht-E-Naz Airport),1990-06-01,MASA,17.89584519703169
Mazandaran,1855.4,40735,36.23,51.3,Siahbisheh,1990-06-01,MASA,41.426000617335035
Mazandaran,1805.0,99361,36.07,52.84,Alasht,1990-07-01,MASA,61.898521615013635
Mazandaran,23.7,99309,36.48,52.47,Amol,1990-07-01,MASA,50.04943115805105
Mazandaran,-21.0,40736,36.7,52.64,Babolsar,1990-07-01,MASA,10.67613763903097
Mazandaran,2120.0,99357,36.2,51.8,Baladeh,1990-07-01,MASA,118.06412739847616
Mazandaran,-20.0,99306,36.86,53.39,Bandar-E-Amirabad,1990-07-01,MASA,11.931679678902185
Mazandaran,-10.0,99299,36.74,53.84,Galugah,1990-07-01,MASA,28.411097360596216
Mazandaran,14.7,40737,36.49,52.11,Gharakhil,1990-07-01,MASA,77.04562647436575
Mazandaran,1294.3,40760,36.25,53.55,Kiyasar,1990-07-01,MASA,62.62113852594808
Mazandaran,1550.0,99348,36.39,51.73,Kojur,1990-07-01,MASA,134.07515688036398
Mazandaran,-20.9,40734,36.66,51.47,Nowshahr,1990-07-01,MASA,55.43091101740316
Mazandaran,610.0,99360,36.1,53.06,Polsefid,1990-07-01,MASA,56.32514460180715
Mazandaran,-20.0,40732,36.9,50.68,Ramsar,1990-07-01,MASA,57.355038357719934
Mazandaran,23.0,40759,36.54,53.0,Sari,1990-07-01,MASA,38.04939193819479
Mazandaran,16.7,40788,36.64,53.2,Sari (Dasht-E-Naz Airport),1990-07-01,MASA,25.813467336639917
Mazandaran,1855.4,40735,36.23,51.3,Siahbisheh,1990-07-01,MASA,107.36601753328756
Mazandaran,1805.0,99361,36.07,52.84,Alasht,1990-08-01,MASA,57.54019110680275
Mazandaran,23.7,99309,36.48,52.47,Amol,1990-08-01,MASA,53.76681476116829
Mazandaran,-21.0,40736,36.7,52.64,Babolsar,1990-08-01,MASA,16.195399456030657
Mazandaran,2120.0,99357,36.2,51.8,Baladeh,1990-08-01,MASA,61.52233272076302
Mazandaran,-20.0,99306,36.86,53.39,Bandar-E-Amirabad,1990-08-01,MASA,14.045966558462908
Mazandaran,-10.0,99299,36.74,53.84,Galugah,1990-08-01,MASA,27.726156406409075
Mazandaran,14.7,40737,36.49,52.11,Gharakhil,1990-08-01,MASA,84.64899449825936
Mazandaran,1294.3,40760,36.25,53.55,Kiyasar,1990-08-01,MASA,38.36829751015358
Mazandaran,1550.0,99348,36.39,51.73,Kojur,1990-08-01,MASA,102.67038434029274
Mazandaran,-20.9,40734,36.66,51.47,Nowshahr,1990-08-01,MASA,57.13102012158089
Mazandaran,610.0,99360,36.1,53.06,Polsefid,1990-08-01,MASA,45.403150610930254
Mazandaran,-20.0,40732,36.9,50.68,Ramsar,1990-08-01,MASA,74.60829406262093
Mazandaran,23.0,40759,36.54,53.0,Sari,1990-08-01,MASA,44.636962704664995
Mazandaran,16.7,40788,36.64,53.2,Sari (Dasht-E-Naz Airport),1990-08-01,MASA,26.647580556875994
Mazandaran,1855.4,40735,36.23,51.3,Siahbisheh,1990-08-01,MASA,43.92562597275429
Mazandaran,1805.0,99361,36.07,52.84,Alasht,1990-09-01,MASA,85.80238440124077
Mazandaran,23.7,99309,36.48,52.47,Amol,1990-09-01,MASA,57.85559930888695
Mazandaran,-21.0,40736,36.7,52.64,Babolsar,1990-09-01,MASA,18.96271922675652
Mazandaran,2120.0,99357,36.2,51.8,Baladeh,1990-09-01,MASA,44.87908699599785
Mazandaran,-20.0,99306,36.86,53.39,Bandar-E-Amirabad,1990-09-01,MASA,16.504221344867176
Mazandaran,-10.0,99299,36.74,53.84,Galugah,1990-09-01,MASA,63.63623657313866
Mazandaran,14.7,40737,36.49,52.11,Gharakhil,1990-09-01,MASA,74.96789910880608
Mazandaran,1294.3,40760,36.25,53.55,Kiyasar,1990-09-01,MASA,45.022734189906544
Mazandaran,1550.0,99348,36.39,51.73,Kojur,1990-09-01,MASA,103.72347452727837
Mazandaran,-20.9,40734,36.66,51.47,Nowshahr,1990-09-01,MASA,67.3062435635714
Mazandaran,610.0,99360,36.1,53.06,Polsefid,1990-09-01,MASA,63.5261765965609
Mazandaran,-20.0,40732,36.9,50.68,Ramsar,1990-09-01,MASA,70.33617117492241
Mazandaran,23.0,40759,36.54,53.0,Sari,1990-09-01,MASA,52.66013064471764
Mazandaran,16.7,40788,36.64,53.2,Sari (Dasht-E-Naz Airport),1990-09-01,MASA,38.81087222186608
Mazandaran,1855.4,40735,36.23,51.3,Siahbisheh,1990-09-01,MASA,47.34384336558861
Mazandaran,1805.0,99361,36.07,52.84,Alasht,1990-10-01,MASA,141.08801304282892
Mazandaran,23.7,99309,36.48,52.47,Amol,1990-10-01,MASA,151.33265077056635
Mazandaran,-21.0,40736,36.7,52.64,Babolsar,1990-10-01,MASA,102.67600833358514
Mazandaran,2120.0,99357,36.2,51.8,Baladeh,1990-10-01,MASA,104.46316420020807
Mazandaran,-20.0,99306,36.86,53.39,Bandar-E-Amirabad,1990-10-01,MASA,117.12766109885919
Mazandaran,-10.0,99299,36.74,53.84,Galugah,1990-10-01,MASA,120.18366574229944
Mazandaran,14.7,40737,36.49,52.11,Gharakhil,1990-10-01,MASA,236.8645709651922
Mazandaran,1294.3,40760,36.25,53.55,Kiyasar,1990-10-01,MASA,88.31498443069208
Mazandaran,1550.0,99348,36.39,51.73,Kojur,1990-10-01,MASA,187.4585640329336
Mazandaran,-20.9,40734,36.66,51.47,Nowshahr,1990-10-01,MASA,243.33680092277277
Mazandaran,610.0,99360,36.1,53.06,Polsefid,1990-10-01,MASA,129.40413176002252
Mazandaran,-20.0,40732,36.9,50.68,Ramsar,1990-10-01,MASA,321.9304126399969
Mazandaran,23.0,40759,36.54,53.0,Sari,1990-10-01,MASA,116.03802858772028
Mazandaran,16.7,40788,36.64,53.2,Sari (Dasht-E-Naz Airport),1990-10-01,MASA,102.6225876707052
Mazandaran,1855.4,40735,36.23,51.3,Siahbisheh,1990-10-01,MASA,87.53934918822992
Mazandaran,1805.0,99361,36.07,52.84,Alasht,1990-11-01,MASA,40.56825267586106
Mazandaran,23.7,99309,36.48,52.47,Amol,1990-11-01,MASA,64.10465168270463
Mazandaran,-21.0,40736,36.7,52.64,Babolsar,1990-11-01,MASA,46.35815846237534
Mazandaran,2120.0,99357,36.2,51.8,Baladeh,1990-11-01,MASA,37.26833092483872
Mazandaran,-20.0,99306,36.86,53.39,Bandar-E-Amirabad,1990-11-01,MASA,35.134976380199134
Mazandaran,-10.0,99299,36.74,53.84,Galugah,1990-11-01,MASA,43.175851576656044
Mazandaran,14.7,40737,36.49,52.11,Gharakhil,1990-11-01,MASA,89.33020161899918
Mazandaran,1294.3,40760,36.25,53.55,Kiyasar,1990-11-01,MASA,26.156952255099952
Mazandaran,1550.0,99348,36.39,51.73,Kojur,1990-11-01,MASA,58.80977737221116
Mazandaran,-20.9,40734,36.66,51.47,Nowshahr,1990-11-01,MASA,105.72301375183457
Mazandaran,610.0,99360,36.1,53.06,Polsefid,1990-11-01,MASA,30.9708617857396
Mazandaran,-20.0,40732,36.9,50.68,Ramsar,1990-11-01,MASA,133.17560183319443
Mazandaran,23.0,40759,36.54,53.0,Sari,1990-11-01,MASA,47.16450499805802
Mazandaran,16.7,40788,36.64,53.2,Sari (Dasht-E-Naz Airport),1990-11-01,MASA,43.938835733264625
Mazandaran,1855.4,40735,36.23,51.3,Siahbisheh,1990-11-01,MASA,50.58073031219834
Mazandaran,1805.0,99361,36.07,52.84,Alasht,1990-12-01,MASA,76.23173292504504
Mazandaran,23.7,99309,36.48,52.47,Amol,1990-12-01,MASA,126.24442573414996
Mazandaran,-21.0,40736,36.7,52.64,Babolsar,1990-12-01,MASA,111.82691152917101
Mazandaran,2120.0,99357,36.2,51.8,Baladeh,1990-12-01,MASA,51.57488580571368
Mazandaran,-20.0,99306,36.86,53.39,Bandar-E-Amirabad,1990-12-01,MASA,86.95983882771685
Mazandaran,-10.0,99299,36.74,53.84,Galugah,1990-12-01,MASA,84.1283797823067
Mazandaran,14.7,40737,36.49,52.11,Gharakhil,1990-12-01,MASA,159.4745516382332
Mazandaran,1294.3,40760,36.25,53.55,Kiyasar,1990-12-01,MASA,62.552452047931695
Mazandaran,1550.0,99348,36.39,51.73,Kojur,1990-12-01,MASA,83.24642475472643
Mazandaran,-20.9,40734,36.66,51.47,Nowshahr,1990-12-01,MASA,257.30776782857134
Mazandaran,610.0,99360,36.1,53.06,Polsefid,1990-12-01,MASA,67.57165487633898
Mazandaran,-20.0,40732,36.9,50.68,Ramsar,1990-12-01,MASA,344.552963932621
Mazandaran,23.0,40759,36.54,53.0,Sari,1990-12-01,MASA,102.25369032250597
Mazandaran,16.7,40788,36.64,53.2,Sari (Dasht-E-Naz Airport),1990-12-01,MASA,95.81290181504443
Mazandaran,1855.4,40735,36.23,51.3,Siahbisheh,1990-12-01,MASA,63.370615204441094
Mazandaran,1805.0,99361,36.07,52.84,Alasht,1991-01-01,MASA,52.85236804358462
Mazandaran,23.7,99309,36.48,52.47,Amol,1991-01-01,MASA,83.73128442637423
Mazandaran,-21.0,40736,36.7,52.64,Babolsar,1991-01-01,MASA,52.93217121235827
Mazandaran,2120.0,99357,36.2,51.8,Baladeh,1991-01-01,MASA,37.74287371508578
Mazandaran,-20.0,99306,36.86,53.39,Bandar-E-Amirabad,1991-01-01,MASA,69.78858827225665
Mazandaran,-10.0,99299,36.74,53.84,Galugah,1991-01-01,MASA,79.8352864252756
Mazandaran,14.7,40737,36.49,52.11,Gharakhil,1991-01-01,MASA,98.76373975150088
Mazandaran,1294.3,40760,36.25,53.55,Kiyasar,1991-01-01,MASA,61.290679560823236
Mazandaran,1550.0,99348,36.39,51.73,Kojur,1991-01-01,MASA,40.81640212408999
Mazandaran,-20.9,40734,36.66,51.47,Nowshahr,1991-01-01,MASA,123.88225464694003
Mazandaran,610.0,99360,36.1,53.06,Polsefid,1991-01-01,MASA,50.12951611153582
Mazandaran,-20.0,40732,36.9,50.68,Ramsar,1991-01-01,MASA,143.7150892483423
Mazandaran,23.0,40759,36.54,53.0,Sari,1991-01-01,MASA,73.15861998669604
Mazandaran,16.7,40788,36.64,53.2,Sari (Dasht-E-Naz Airport),1991-01-01,MASA,74.95856850020388
Mazandaran,1855.4,40735,36.23,51.3,Siahbisheh,1991-01-01,MASA,40.49407510630587
Mazandaran,1805.0,99361,36.07,52.84,Alasht,1991-02-01,MASA,70.4669239020923
Mazandaran,23.7,99309,36.48,52.47,Amol,1991-02-01,MASA,119.14025563961061
Mazandaran,-21.0,40736,36.7,52.64,Babolsar,1991-02-01,MASA,76.15116555458101
Mazandaran,2120.0,99357,36.2,51.8,Baladeh,1991-02-01,MASA,46.7358859277347
Mazandaran,-20.0,99306,36.86,53.39,Bandar-E-Amirabad,1991-02-01,MASA,90.5375661349872
Mazandaran,-10.0,99299,36.74,53.84,Galugah,1991-02-01,MASA,90.68087060218843
Mazandaran,14.7,40737,36.49,52.11,Gharakhil,1991-02-01,MASA,125.75677354103121
Mazandaran,1294.3,40760,36.25,53.55,Kiyasar,1991-02-01,MASA,62.25860435730013
Mazandaran,1550.0,99348,36.39,51.73,Kojur,1991-02-01,MASA,60.762959907112446
Mazandaran,-20.9,40734,36.66,51.47,Nowshahr,1991-02-01,MASA,181.92339260345491
Mazandaran,610.0,99360,36.1,53.06,Polsefid,1991-02-01,MASA,68.92468352085146
Mazandaran,-20.0,40732,36.9,50.68,Ramsar,1991-02-01,MASA,168.8326032853702
Mazandaran,23.0,40759,36.54,53.0,Sari,1991-02-01,MASA,91.14033300643953
Mazandaran,16.7,40788,36.64,53.2,Sari (Dasht-E-Naz Airport),1991-02-01,MASA,85.83504278427156
Mazandaran,1855.4,40735,36.23,51.3,Siahbisheh,1991-02-01,MASA,60.85107047325167
Mazandaran,1805.0,99361,36.07,52.84,Alasht,1991-03-01,MASA,88.30661881972546
Mazandaran,23.7,99309,36.48,52.47,Amol,1991-03-01,MASA,87.75882233191723
Mazandaran,-21.0,40736,36.7,52.64,Babolsar,1991-03-01,MASA,44.7693150143742
Mazandaran,2120.0,99357,36.2,51.8,Baladeh,1991-03-01,MASA,108.11494101096386
Mazandaran,-20.0,99306,36.86,53.39,Bandar-E-Amirabad,1991-03-01,MASA,59.91163660098309
Mazandaran,-10.0,99299,36.74,53.84,Galugah,1991-03-01,MASA,75.3152351479649
Mazandaran,14.7,40737,36.49,52.11,Gharakhil,1991-03-01,MASA,93.53668798018688
Mazandaran,1294.3,40760,36.25,53.55,Kiyasar,1991-03-01,MASA,92.50798631716961
Mazandaran,1550.0,99348,36.39,51.73,Kojur,1991-03-01,MASA,82.34342742968792
Mazandaran,-20.9,40734,36.66,51.47,Nowshahr,1991-03-01,MASA,120.84805775691265
Mazandaran,610.0,99360,36.1,53.06,Polsefid,1991-03-01,MASA,94.1520761351704
Mazandaran,-20.0,40732,36.9,50.68,Ramsar,1991-03-01,MASA,141.22625995684857
Mazandaran,23.0,40759,36.54,53.0,Sari,1991-03-01,MASA,70.01167346049542
Mazandaran,16.7,40788,36.64,53.2,Sari (Dasht-E-Naz Airport),1991-03-01,MASA,62.94852305461163
Mazandaran,1855.4,40735,36.23,51.3,Siahbisheh,1991-03-01,MASA,147.39624966193432
Mazandaran,1805.0,99361,36.07,52.84,Alasht,1991-04-01,MASA,106.6542950017606
Mazandaran,23.7,99309,36.48,52.47,Amol,1991-04-01,MASA,54.49075368477452
Mazandaran,-21.0,40736,36.7,52.64,Babolsar,1991-04-01,MASA,14.167540941969037
Mazandaran,2120.0,99357,36.2,51.8,Baladeh,1991-04-01,MASA,70.04160550667393
Mazandaran,-20.0,99306,36.86,53.39,Bandar-E-Amirabad,1991-04-01,MASA,16.536855374113202
Mazandaran,-10.0,99299,36.74,53.84,Galugah,1991-04-01,MASA,54.10056677891362
Mazandaran,14.7,40737,36.49,52.11,Gharakhil,1991-04-01,MASA,99.32308760716069
Mazandaran,1294.3,40760,36.25,53.55,Kiyasar,1991-04-01,MASA,65.50761428906071
Mazandaran,1550.0,99348,36.39,51.73,Kojur,1991-04-01,MASA,73.2438352449094
Mazandaran,-20.9,40734,36.66,51.47,Nowshahr,1991-04-01,MASA,51.735409770742535
Mazandaran,610.0,99360,36.1,53.06,Polsefid,1991-04-01,MASA,93.8204464061414
Mazandaran,-20.0,40732,36.9,50.68,Ramsar,1991-04-01,MASA,59.99253061844456
Mazandaran,23.0,40759,36.54,53.0,Sari,1991-04-01,MASA,42.8524550540601
Mazandaran,16.7,40788,36.64,53.2,Sari (Dasht-E-Naz Airport),1991-04-01,MASA,32.47171011997807
Mazandaran,1855.4,40735,36.23,51.3,Siahbisheh,1991-04-01,MASA,78.01924017502415
Mazandaran,1805.0,99361,36.07,52.84,Alasht,1991-05-01,MASA,204.0299649547208
Mazandaran,23.7,99309,36.48,52.47,Amol,1991-05-01,MASA,93.05188313232549
Mazandaran,-21.0,40736,36.7,52.64,Babolsar,1991-05-01,MASA,36.4427144836057
Mazandaran,2120.0,99357,36.2,51.8,Baladeh,1991-05-01,MASA,135.29724136100896
Mazandaran,-20.0,99306,36.86,53.39,Bandar-E-Amirabad,1991-05-01,MASA,55.347027928696946
Mazandaran,-10.0,99299,36.74,53.84,Galugah,1991-05-01,MASA,140.12146249519475
Mazandaran,14.7,40737,36.49,52.11,Gharakhil,1991-05-01,MASA,171.6624970744718
Mazandaran,1294.3,40760,36.25,53.55,Kiyasar,1991-05-01,MASA,157.50000134216435
Mazandaran,1550.0,99348,36.39,51.73,Kojur,1991-05-01,MASA,135.67868128524907
Mazandaran,-20.9,40734,36.66,51.47,Nowshahr,1991-05-01,MASA,73.10745373474248
Mazandaran,610.0,99360,36.1,53.06,Polsefid,1991-05-01,MASA,197.7416749309171
Mazandaran,-20.0,40732,36.9,50.68,Ramsar,1991-05-01,MASA,99.13617625938542
Mazandaran,23.0,40759,36.54,53.0,Sari,1991-05-01,MASA,95.18245115982182
Mazandaran,16.7,40788,36.64,53.2,Sari (Dasht-E-Naz Airport),1991-05-01,MASA,83.93742397533543
Mazandaran,1855.4,40735,36.23,51.3,Siahbisheh,1991-05-01,MASA,126.51880338894017
Mazandaran,1805.0,99361,36.07,52.84,Alasht,1991-06-01,MASA,47.64980189539969
Mazandaran,23.7,99309,36.48,52.47,Amol,1991-06-01,MASA,25.07965378500998
Mazandaran,-21.0,40736,36.7,52.64,Babolsar,1991-06-01,MASA,6.745637581129671
Mazandaran,2120.0,99357,36.2,51.8,Baladeh,1991-06-01,MASA,95.08457891680777
Mazandaran,-20.0,99306,36.86,53.39,Bandar-E-Amirabad,1991-06-01,MASA,7.86490850188315
Mazandaran,-10.0,99299,36.74,53.84,Galugah,1991-06-01,MASA,24.62889365889609
Mazandaran,14.7,40737,36.49,52.11,Gharakhil,1991-06-01,MASA,58.45767371394217
Mazandaran,1294.3,40760,36.25,53.55,Kiyasar,1991-06-01,MASA,40.75294844843924
Mazandaran,1550.0,99348,36.39,51.73,Kojur,1991-06-01,MASA,103.99764888026297
Mazandaran,-20.9,40734,36.66,51.47,Nowshahr,1991-06-01,MASA,31.139821932097078
Mazandaran,610.0,99360,36.1,53.06,Polsefid,1991-06-01,MASA,39.12392370440543
Mazandaran,-20.0,40732,36.9,50.68,Ramsar,1991-06-01,MASA,42.801127955694795
Mazandaran,23.0,40759,36.54,53.0,Sari,1991-06-01,MASA,20.54457478262961
Mazandaran,16.7,40788,36.64,53.2,Sari (Dasht-E-Naz Airport),1991-06-01,MASA,17.37845055796683
Mazandaran,1855.4,40735,36.23,51.3,Siahbisheh,1991-06-01,MASA,118.50150041319907
Mazandaran,1805.0,99361,36.07,52.84,Alasht,1991-07-01,MASA,55.51753614635757
Mazandaran,23.7,99309,36.48,52.47,Amol,1991-07-01,MASA,47.81312916965774
Mazandaran,-21.0,40736,36.7,52.64,Babolsar,1991-07-01,MASA,27.839269978716885
Mazandaran,2120.0,99357,36.2,51.8,Baladeh,1991-07-01,MASA,121.31097589226059
Mazandaran,-20.0,99306,36.86,53.39,Bandar-E-Amirabad,1991-07-01,MASA,42.03481648655227
Mazandaran,-10.0,99299,36.74,53.84,Galugah,1991-07-01,MASA,60.37202153892807
Mazandaran,14.7,40737,36.49,52.11,Gharakhil,1991-07-01,MASA,78.74285851211837
Mazandaran,1294.3,40760,36.25,53.55,Kiyasar,1991-07-01,MASA,52.91665766926101
Mazandaran,1550.0,99348,36.39,51.73,Kojur,1991-07-01,MASA,164.2099437543898
Mazandaran,-20.9,40734,36.66,51.47,Nowshahr,1991-07-01,MASA,66.65093873234085
Mazandaran,610.0,99360,36.1,53.06,Polsefid,1991-07-01,MASA,50.7291076013594
Mazandaran,-20.0,40732,36.9,50.68,Ramsar,1991-07-01,MASA,92.51261924000076
Mazandaran,23.0,40759,36.54,53.0,Sari,1991-07-01,MASA,57.09235046596817
Mazandaran,16.7,40788,36.64,53.2,Sari (Dasht-E-Naz Airport),1991-07-01,MASA,53.646531445696866
Mazandaran,1855.4,40735,36.23,51.3,Siahbisheh,1991-07-01,MASA,113.1351259777098
Mazandaran,1805.0,99361,36.07,52.84,Alasht,1991-08-01,MASA,43.71478814983121
Mazandaran,23.7,99309,36.48,52.47,Amol,1991-08-01,MASA,48.56557805442563
Mazandaran,-21.0,40736,36.7,52.64,Babolsar,1991-08-01,MASA,9.57147438430539
Mazandaran,2120.0,99357,36.2,51.8,Baladeh,1991-08-01,MASA,57.5591291894888
Mazandaran,-20.0,99306,36.86,53.39,Bandar-E-Amirabad,1991-08-01,MASA,8.558955382344635
Mazandaran,-10.0,99299,36.74,53.84,Galugah,1991-08-01,MASA,21.801721643445404
Mazandaran,14.7,40737,36.49,52.11,Gharakhil,1991-08-01,MASA,79.89500124358884
Mazandaran,1294.3,40760,36.25,53.55,Kiyasar,1991-08-01,MASA,25.002893399236115
Mazandaran,1550.0,99348,36.39,51.73,Kojur,1991-08-01,MASA,109.09939963721982
Mazandaran,-20.9,40734,36.66,51.47,Nowshahr,1991-08-01,MASA,55.01024086379758
Mazandaran,610.0,99360,36.1,53.06,Polsefid,1991-08-01,MASA,32.51027722263089
Mazandaran,-20.0,40732,36.9,50.68,Ramsar,1991-08-01,MASA,70.47877867126218
Mazandaran,23.0,40759,36.54,53.0,Sari,1991-08-01,MASA,28.847214173314484
Mazandaran,16.7,40788,36.64,53.2,Sari (Dasht-E-Naz Airport),1991-08-01,MASA,18.47904581928006
Mazandaran,1855.4,40735,36.23,51.3,Siahbisheh,1991-08-01,MASA,39.67044908904782
Mazandaran,1805.0,99361,36.07,52.84,Alasht,1991-09-01,MASA,115.85561072505968
Mazandaran,23.7,99309,36.48,52.47,Amol,1991-09-01,MASA,85.7821617094423
Mazandaran,-21.0,40736,36.7,52.64,Babolsar,1991-09-01,MASA,38.51953780330675
Mazandaran,2120.0,99357,36.2,51.8,Baladeh,1991-09-01,MASA,76.36212443985002
Mazandaran,-20.0,99306,36.86,53.39,Bandar-E-Amirabad,1991-09-01,MASA,39.564407226219345
Mazandaran,-10.0,99299,36.74,53.84,Galugah,1991-09-01,MASA,81.40841757930772
Mazandaran,14.7,40737,36.49,52.11,Gharakhil,1991-09-01,MASA,145.2515039411928
Mazandaran,1294.3,40760,36.25,53.55,Kiyasar,1991-09-01,MASA,83.47801005519884
Mazandaran,1550.0,99348,36.39,51.73,Kojur,1991-09-01,MASA,130.37533199466722
Mazandaran,-20.9,40734,36.66,51.47,Nowshahr,1991-09-01,MASA,131.80140292324083
Mazandaran,610.0,99360,36.1,53.06,Polsefid,1991-09-01,MASA,79.03226351417558
Mazandaran,-20.0,40732,36.9,50.68,Ramsar,1991-09-01,MASA,140.8376011816408
Mazandaran,23.0,40759,36.54,53.0,Sari,1991-09-01,MASA,87.66090011276262
Mazandaran,16.7,40788,36.64,53.2,Sari (Dasht-E-Naz Airport),1991-09-01,MASA,68.47136354125993
Mazandaran,1855.4,40735,36.23,51.3,Siahbisheh,1991-09-01,MASA,51.737672444954086
Mazandaran,1805.0,99361,36.07,52.84,Alasht,1991-10-01,MASA,114.51769514150101
Mazandaran,23.7,99309,36.48,52.47,Amol,1991-10-01,MASA,105.79904062814194
Mazandaran,-21.0,40736,36.7,52.64,Babolsar,1991-10-01,MASA,38.22321338719803
Mazandaran,2120.0,99357,36.2,51.8,Baladeh,1991-10-01,MASA,123.38528676099259
Mazandaran,-20.0,99306,36.86,53.39,Bandar-E-Amirabad,1991-10-01,MASA,33.38094694680649
Mazandaran,-10.0,99299,36.74,53.84,Galugah,1991-10-01,MASA,57.72267921037155
Mazandaran,14.7,40737,36.49,52.11,Gharakhil,1991-10-01,MASA,251.92598147458511
Mazandaran,1294.3,40760,36.25,53.55,Kiyasar,1991-10-01,MASA,46.498141122526704
Mazandaran,1550.0,99348,36.39,51.73,Kojur,1991-10-01,MASA,200.29542489118057
Mazandaran,-20.9,40734,36.66,51.47,Nowshahr,1991-10-01,MASA,215.56862337655502
Mazandaran,610.0,99360,36.1,53.06,Polsefid,1991-10-01,MASA,90.30111773080307
Mazandaran,-20.0,40732,36.9,50.68,Ramsar,1991-10-01,MASA,237.64703316754776
Mazandaran,23.0,40759,36.54,53.0,Sari,1991-10-01,MASA,46.533933711714326
Mazandaran,16.7,40788,36.64,53.2,Sari (Dasht-E-Naz Airport),1991-10-01,MASA,35.429171157545625
Mazandaran,1855.4,40735,36.23,51.3,Siahbisheh,1991-10-01,MASA,91.49327023095566
Mazandaran,1805.0,99361,36.07,52.84,Alasht,1991-11-01,MASA,102.12182199576958
Mazandaran,23.7,99309,36.48,52.47,Amol,1991-11-01,MASA,144.38294565299614
Mazandaran,-21.0,40736,36.7,52.64,Babolsar,1991-11-01,MASA,102.61135494330986
Mazandaran,2120.0,99357,36.2,51.8,Baladeh,1991-11-01,MASA,72.07421159366234
Mazandaran,-20.0,99306,36.86,53.39,Bandar-E-Amirabad,1991-11-01,MASA,83.04207717994316
Mazandaran,-10.0,99299,36.74,53.84,Galugah,1991-11-01,MASA,69.98721456149681
Mazandaran,14.7,40737,36.49,52.11,Gharakhil,1991-11-01,MASA,229.86478304484947
Mazandaran,1294.3,40760,36.25,53.55,Kiyasar,1991-11-01,MASA,63.34616934875115
Mazandaran,1550.0,99348,36.39,51.73,Kojur,1991-11-01,MASA,130.13478314498528
Mazandaran,-20.9,40734,36.66,51.47,Nowshahr,1991-11-01,MASA,315.2908155880318
Mazandaran,610.0,99360,36.1,53.06,Polsefid,1991-11-01,MASA,73.52168058971031
Mazandaran,-20.0,40732,36.9,50.68,Ramsar,1991-11-01,MASA,298.56956696132283
Mazandaran,23.0,40759,36.54,53.0,Sari,1991-11-01,MASA,90.06162678817375
Mazandaran,16.7,40788,36.64,53.2,Sari (Dasht-E-Naz Airport),1991-11-01,MASA,78.9867708645211
Mazandaran,1855.4,40735,36.23,51.3,Siahbisheh,1991-11-01,MASA,58.82861411193474
Mazandaran,1805.0,99361,36.07,52.84,Alasht,1991-12-01,MASA,60.709671521294695
Mazandaran,23.7,99309,36.48,52.47,Amol,1991-12-01,MASA,102.12454333316145
Mazandaran,-21.0,40736,36.7,52.64,Babolsar,1991-12-01,MASA,52.56478621970473
Mazandaran,2120.0,99357,36.2,51.8,Baladeh,1991-12-01,MASA,80.27717604647933
Mazandaran,-20.0,99306,36.86,53.39,Bandar-E-Amirabad,1991-12-01,MASA,72.09168508063613
Mazandaran,-10.0,99299,36.74,53.84,Galugah,1991-12-01,MASA,63.04100289355574
Mazandaran,14.7,40737,36.49,52.11,Gharakhil,1991-12-01,MASA,119.76406111728011
Mazandaran,1294.3,40760,36.25,53.55,Kiyasar,1991-12-01,MASA,47.26798965941725
Mazandaran,1550.0,99348,36.39,51.73,Kojur,1991-12-01,MASA,67.9055018664485
Mazandaran,-20.9,40734,36.66,51.47,Nowshahr,1991-12-01,MASA,185.97151472579299
Mazandaran,610.0,99360,36.1,53.06,Polsefid,1991-12-01,MASA,55.41148915301619
Mazandaran,-20.0,40732,36.9,50.68,Ramsar,1991-12-01,MASA,261.873112464059
Mazandaran,23.0,40759,36.54,53.0,Sari,1991-12-01,MASA,65.09918107997237
Mazandaran,16.7,40788,36.64,53.2,Sari (Dasht-E-Naz Airport),1991-12-01,MASA,60.80344452868758
Mazandaran,1855.4,40735,36.23,51.3,Siahbisheh,1991-12-01,MASA,111.89407243739424
Mazandaran,1805.0,99361,36.07,52.84,Alasht,1992-01-01,MASA,69.33263387533728
Mazandaran,23.7,99309,36.48,52.47,Amol,1992-01-01,MASA,111.15859892221991
Mazandaran,-21.0,40736,36.7,52.64,Babolsar,1992-01-01,MASA,106.31956603380743
Mazandaran,2120.0,99357,36.2,51.8,Baladeh,1992-01-01,MASA,50.48585381361548
Mazandaran,-20.0,99306,36.86,53.39,Bandar-E-Amirabad,1992-01-01,MASA,114.02953114363257
Mazandaran,-10.0,99299,36.74,53.84,Galugah,1992-01-01,MASA,83.28810777517859
Mazandaran,14.7,40737,36.49,52.11,Gharakhil,1992-01-01,MASA,116.51385273787085
Mazandaran,1294.3,40760,36.25,53.55,Kiyasar,1992-01-01,MASA,84.76606454702917
Mazandaran,1550.0,99348,36.39,51.73,Kojur,1992-01-01,MASA,59.08586528154913
Mazandaran,-20.9,40734,36.66,51.47,Nowshahr,1992-01-01,MASA,203.52335717531744
Mazandaran,610.0,99360,36.1,53.06,Polsefid,1992-01-01,MASA,70.92123921963278
Mazandaran,-20.0,40732,36.9,50.68,Ramsar,1992-01-01,MASA,246.68908562513892
Mazandaran,23.0,40759,36.54,53.0,Sari,1992-01-01,MASA,110.15050556513373
Mazandaran,16.7,40788,36.64,53.2,Sari (Dasht-E-Naz Airport),1992-01-01,MASA,111.64342310282294
Mazandaran,1855.4,40735,36.23,51.3,Siahbisheh,1992-01-01,MASA,62.11381848904196
Mazandaran,1805.0,99361,36.07,52.84,Alasht,1992-02-01,MASA,95.84646698762711
Mazandaran,23.7,99309,36.48,52.47,Amol,1992-02-01,MASA,120.10461863805588
Mazandaran,-21.0,40736,36.7,52.64,Babolsar,1992-02-01,MASA,75.9746956520253
Mazandaran,2120.0,99357,36.2,51.8,Baladeh,1992-02-01,MASA,80.10870990087327
Mazandaran,-20.0,99306,36.86,53.39,Bandar-E-Amirabad,1992-02-01,MASA,89.0880602293187
Mazandaran,-10.0,99299,36.74,53.84,Galugah,1992-02-01,MASA,91.67031970550354
Mazandaran,14.7,40737,36.49,52.11,Gharakhil,1992-02-01,MASA,139.7314744882756
Mazandaran,1294.3,40760,36.25,53.55,Kiyasar,1992-02-01,MASA,58.073275058763585
Mazandaran,1550.0,99348,36.39,51.73,Kojur,1992-02-01,MASA,94.67493769456681
Mazandaran,-20.9,40734,36.66,51.47,Nowshahr,1992-02-01,MASA,164.02746018697556
Mazandaran,610.0,99360,36.1,53.06,Polsefid,1992-02-01,MASA,81.42917630006608
Mazandaran,-20.0,40732,36.9,50.68,Ramsar,1992-02-01,MASA,183.33379205991562
Mazandaran,23.0,40759,36.54,53.0,Sari,1992-02-01,MASA,89.82149538327988
Mazandaran,16.7,40788,36.64,53.2,Sari (Dasht-E-Naz Airport),1992-02-01,MASA,87.37937387754258
Mazandaran,1855.4,40735,36.23,51.3,Siahbisheh,1992-02-01,MASA,91.75120320846375
Mazandaran,1805.0,99361,36.07,52.84,Alasht,1992-03-01,MASA,105.51678964789701
Mazandaran,23.7,99309,36.48,52.47,Amol,1992-03-01,MASA,151.4881534307797
Mazandaran,-21.0,40736,36.7,52.64,Babolsar,1992-03-01,MASA,110.3068871229489
Mazandaran,2120.0,99357,36.2,51.8,Baladeh,1992-03-01,MASA,76.63890549834562
Mazandaran,-20.0,99306,36.86,53.39,Bandar-E-Amirabad,1992-03-01,MASA,99.91578588183714
Mazandaran,-10.0,99299,36.74,53.84,Galugah,1992-03-01,MASA,141.25881919558836
Mazandaran,14.7,40737,36.49,52.11,Gharakhil,1992-03-01,MASA,146.43429050143553
Mazandaran,1294.3,40760,36.25,53.55,Kiyasar,1992-03-01,MASA,117.87858435805632
Mazandaran,1550.0,99348,36.39,51.73,Kojur,1992-03-01,MASA,86.77069673236204
Mazandaran,-20.9,40734,36.66,51.47,Nowshahr,1992-03-01,MASA,165.87562689479185
Mazandaran,610.0,99360,36.1,53.06,Polsefid,1992-03-01,MASA,108.23736915286375
Mazandaran,-20.0,40732,36.9,50.68,Ramsar,1992-03-01,MASA,175.71867832835508
Mazandaran,23.0,40759,36.54,53.0,Sari,1992-03-01,MASA,144.50491795237852
Mazandaran,16.7,40788,36.64,53.2,Sari (Dasht-E-Naz Airport),1992-03-01,MASA,136.9228197067578
Mazandaran,1855.4,40735,36.23,51.3,Siahbisheh,1992-03-01,MASA,92.19667145903898
Mazandaran,1805.0,99361,36.07,52.84,Alasht,1992-04-01,MASA,132.07280862981818
Mazandaran,23.7,99309,36.48,52.47,Amol,1992-04-01,MASA,113.50532103235267
Mazandaran,-21.0,40736,36.7,52.64,Babolsar,1992-04-01,MASA,72.15445715839408
Mazandaran,2120.0,99357,36.2,51.8,Baladeh,1992-04-01,MASA,123.17565310651801
Mazandaran,-20.0,99306,36.86,53.39,Bandar-E-Amirabad,1992-04-01,MASA,92.78094250614188
Mazandaran,-10.0,99299,36.74,53.84,Galugah,1992-04-01,MASA,124.61919564659141
Mazandaran,14.7,40737,36.49,52.11,Gharakhil,1992-04-01,MASA,145.03384608680747
Mazandaran,1294.3,40760,36.25,53.55,Kiyasar,1992-04-01,MASA,136.85111928636573
Mazandaran,1550.0,99348,36.39,51.73,Kojur,1992-04-01,MASA,133.66084772998832
Mazandaran,-20.9,40734,36.66,51.47,Nowshahr,1992-04-01,MASA,144.17965937311195
Mazandaran,610.0,99360,36.1,53.06,Polsefid,1992-04-01,MASA,135.56786853725455
Mazandaran,-20.0,40732,36.9,50.68,Ramsar,1992-04-01,MASA,162.09402907545112
Mazandaran,23.0,40759,36.54,53.0,Sari,1992-04-01,MASA,114.41453773433707
Mazandaran,16.7,40788,36.64,53.2,Sari (Dasht-E-Naz Airport),1992-04-01,MASA,103.6589764421656
Mazandaran,1855.4,40735,36.23,51.3,Siahbisheh,1992-04-01,MASA,148.15945405418418
Mazandaran,1805.0,99361,36.07,52.84,Alasht,1992-05-01,MASA,181.18380574675186
Mazandaran,23.7,99309,36.48,52.47,Amol,1992-05-01,MASA,111.04587285013778
Mazandaran,-21.0,40736,36.7,52.64,Babolsar,1992-05-01,MASA,63.163762969690396
Mazandaran,2120.0,99357,36.2,51.8,Baladeh,1992-05-01,MASA,147.15995459051712
Mazandaran,-20.0,99306,36.86,53.39,Bandar-E-Amirabad,1992-05-01,MASA,71.54724566431625
Mazandaran,-10.0,99299,36.74,53.84,Galugah,1992-05-01,MASA,102.43917076082809
Mazandaran,14.7,40737,36.49,52.11,Gharakhil,1992-05-01,MASA,177.75182990522964
Mazandaran,1294.3,40760,36.25,53.55,Kiyasar,1992-05-01,MASA,134.41014854403122
Mazandaran,1550.0,99348,36.39,51.73,Kojur,1992-05-01,MASA,186.01839808912857
Mazandaran,-20.9,40734,36.66,51.47,Nowshahr,1992-05-01,MASA,103.22264401407821
Mazandaran,610.0,99360,36.1,53.06,Polsefid,1992-05-01,MASA,162.4018457362233
Mazandaran,-20.0,40732,36.9,50.68,Ramsar,1992-05-01,MASA,126.94444326849563
Mazandaran,23.0,40759,36.54,53.0,Sari,1992-05-01,MASA,110.51197914572342
Mazandaran,16.7,40788,36.64,53.2,Sari (Dasht-E-Naz Airport),1992-05-01,MASA,99.26078288050277
Mazandaran,1855.4,40735,36.23,51.3,Siahbisheh,1992-05-01,MASA,139.16639058085067
Mazandaran,1805.0,99361,36.07,52.84,Alasht,1992-06-01,MASA,175.0553346217707
Mazandaran,23.7,99309,36.48,52.47,Amol,1992-06-01,MASA,60.020784193380194
Mazandaran,-21.0,40736,36.7,52.64,Babolsar,1992-06-01,MASA,13.88848786960395
Mazandaran,2120.0,99357,36.2,51.8,Baladeh,1992-06-01,MASA,150.93030994544776
Mazandaran,-20.0,99306,36.86,53.39,Bandar-E-Amirabad,1992-06-01,MASA,13.253653699262458
Mazandaran,-10.0,99299,36.74,53.84,Galugah,1992-06-01,MASA,67.774156385763
Mazandaran,14.7,40737,36.49,52.11,Gharakhil,1992-06-01,MASA,212.46882742057593
Mazandaran,1294.3,40760,36.25,53.55,Kiyasar,1992-06-01,MASA,64.45389454971107
Mazandaran,1550.0,99348,36.39,51.73,Kojur,1992-06-01,MASA,234.06403725753577
Mazandaran,-20.9,40734,36.66,51.47,Nowshahr,1992-06-01,MASA,67.2597235978678
Mazandaran,610.0,99360,36.1,53.06,Polsefid,1992-06-01,MASA,160.48894291530402
Mazandaran,-20.0,40732,36.9,50.68,Ramsar,1992-06-01,MASA,70.06170814643653
Mazandaran,23.0,40759,36.54,53.0,Sari,1992-06-01,MASA,47.37491374622138
Mazandaran,16.7,40788,36.64,53.2,Sari (Dasht-E-Naz Airport),1992-06-01,MASA,29.711136871679145
Mazandaran,1855.4,40735,36.23,51.3,Siahbisheh,1992-06-01,MASA,100.69138770709785
Mazandaran,1805.0,99361,36.07,52.84,Alasht,1992-07-01,MASA,78.2773463005988
Mazandaran,23.7,99309,36.48,52.47,Amol,1992-07-01,MASA,77.23651509236973
Mazandaran,-21.0,40736,36.7,52.64,Babolsar,1992-07-01,MASA,22.445243405815773
Mazandaran,2120.0,99357,36.2,51.8,Baladeh,1992-07-01,MASA,79.7392694230048
Mazandaran,-20.0,99306,36.86,53.39,Bandar-E-Amirabad,1992-07-01,MASA,33.92265419912022
Mazandaran,-10.0,99299,36.74,53.84,Galugah,1992-07-01,MASA,74.67831354093235
Mazandaran,14.7,40737,36.49,52.11,Gharakhil,1992-07-01,MASA,117.2250328536002
Mazandaran,1294.3,40760,36.25,53.55,Kiyasar,1992-07-01,MASA,59.236508416649514
Mazandaran,1550.0,99348,36.39,51.73,Kojur,1992-07-01,MASA,137.8990082020728
Mazandaran,-20.9,40734,36.66,51.47,Nowshahr,1992-07-01,MASA,95.98470907163303
Mazandaran,610.0,99360,36.1,53.06,Polsefid,1992-07-01,MASA,73.60914032411259
Mazandaran,-20.0,40732,36.9,50.68,Ramsar,1992-07-01,MASA,105.75902144860905
Mazandaran,23.0,40759,36.54,53.0,Sari,1992-07-01,MASA,77.04576532792728
Mazandaran,16.7,40788,36.64,53.2,Sari (Dasht-E-Naz Airport),1992-07-01,MASA,48.64556770276707
Mazandaran,1855.4,40735,36.23,51.3,Siahbisheh,1992-07-01,MASA,57.659861254212075
Mazandaran,1805.0,99361,36.07,52.84,Alasht,1992-08-01,MASA,106.89794729301738
Mazandaran,23.7,99309,36.48,52.47,Amol,1992-08-01,MASA,89.48783288547801
Mazandaran,-21.0,40736,36.7,52.64,Babolsar,1992-08-01,MASA,48.5310972745161
Mazandaran,2120.0,99357,36.2,51.8,Baladeh,1992-08-01,MASA,131.75829957077312
Mazandaran,-20.0,99306,36.86,53.39,Bandar-E-Amirabad,1992-08-01,MASA,60.90365062305736
Mazandaran,-10.0,99299,36.74,53.84,Galugah,1992-08-01,MASA,98.33910773346233
Mazandaran,14.7,40737,36.49,52.11,Gharakhil,1992-08-01,MASA,143.83907328197765
Mazandaran,1294.3,40760,36.25,53.55,Kiyasar,1992-08-01,MASA,117.95745502064037
Mazandaran,1550.0,99348,36.39,51.73,Kojur,1992-08-01,MASA,204.81030355045604
Mazandaran,-20.9,40734,36.66,51.47,Nowshahr,1992-08-01,MASA,129.45173392841625
Mazandaran,610.0,99360,36.1,53.06,Polsefid,1992-08-01,MASA,102.05614278862285
Mazandaran,-20.0,40732,36.9,50.68,Ramsar,1992-08-01,MASA,171.32907817909526
Mazandaran,23.0,40759,36.54,53.0,Sari,1992-08-01,MASA,98.5164613539915
Mazandaran,16.7,40788,36.64,53.2,Sari (Dasht-E-Naz Airport),1992-08-01,MASA,79.52867160389232
Mazandaran,1855.4,40735,36.23,51.3,Siahbisheh,1992-08-01,MASA,107.83204148361492
Mazandaran,1805.0,99361,36.07,52.84,Alasht,1992-09-01,MASA,202.0062585722222
Mazandaran,23.7,99309,36.48,52.47,Amol,1992-09-01,MASA,175.8895446907296
Mazandaran,-21.0,40736,36.7,52.64,Babolsar,1992-09-01,MASA,103.62673601019523
Mazandaran,2120.0,99357,36.2,51.8,Baladeh,1992-09-01,MASA,133.56992652523658
Mazandaran,-20.0,99306,36.86,53.39,Bandar-E-Amirabad,1992-09-01,MASA,73.32828691113136
Mazandaran,-10.0,99299,36.74,53.84,Galugah,1992-09-01,MASA,108.87070795405052
Mazandaran,14.7,40737,36.49,52.11,Gharakhil,1992-09-01,MASA,343.5030510078683
Mazandaran,1294.3,40760,36.25,53.55,Kiyasar,1992-09-01,MASA,95.83340635407112
Mazandaran,1550.0,99348,36.39,51.73,Kojur,1992-09-01,MASA,291.0891329299226
Mazandaran,-20.9,40734,36.66,51.47,Nowshahr,1992-09-01,MASA,181.95174684631965
Mazandaran,610.0,99360,36.1,53.06,Polsefid,1992-09-01,MASA,170.7717930327668
Mazandaran,-20.0,40732,36.9,50.68,Ramsar,1992-09-01,MASA,256.36506875860834
Mazandaran,23.0,40759,36.54,53.0,Sari,1992-09-01,MASA,143.27535083401344
Mazandaran,16.7,40788,36.64,53.2,Sari (Dasht-E-Naz Airport),1992-09-01,MASA,105.78867843258521
Mazandaran,1855.4,40735,36.23,51.3,Siahbisheh,1992-09-01,MASA,72.86235740292213
Mazandaran,1805.0,99361,36.07,52.84,Alasht,1992-10-01,MASA,59.99854433294871
Mazandaran,23.7,99309,36.48,52.47,Amol,1992-10-01,MASA,77.89558398481944
Mazandaran,-21.0,40736,36.7,52.64,Babolsar,1992-10-01,MASA,41.180717227426555
Mazandaran,2120.0,99357,36.2,51.8,Baladeh,1992-10-01,MASA,55.88318633791545
Mazandaran,-20.0,99306,36.86,53.39,Bandar-E-Amirabad,1992-10-01,MASA,25.264608142343548
Mazandaran,-10.0,99299,36.74,53.84,Galugah,1992-10-01,MASA,38.66361307856181
Mazandaran,14.7,40737,36.49,52.11,Gharakhil,1992-10-01,MASA,134.48433804270365
Mazandaran,1294.3,40760,36.25,53.55,Kiyasar,1992-10-01,MASA,36.887066838708904
Mazandaran,1550.0,99348,36.39,51.73,Kojur,1992-10-01,MASA,97.73729967829325
Mazandaran,-20.9,40734,36.66,51.47,Nowshahr,1992-10-01,MASA,179.28679513689616
Mazandaran,610.0,99360,36.1,53.06,Polsefid,1992-10-01,MASA,45.53060459848979
Mazandaran,-20.0,40732,36.9,50.68,Ramsar,1992-10-01,MASA,264.63115441557505
Mazandaran,23.0,40759,36.54,53.0,Sari,1992-10-01,MASA,60.02456176039317
Mazandaran,16.7,40788,36.64,53.2,Sari (Dasht-E-Naz Airport),1992-10-01,MASA,42.87135827299693
Mazandaran,1855.4,40735,36.23,51.3,Siahbisheh,1992-10-01,MASA,45.95184552427867
Mazandaran,1805.0,99361,36.07,52.84,Alasht,1992-11-01,MASA,79.9231788235133
Mazandaran,23.7,99309,36.48,52.47,Amol,1992-11-01,MASA,109.19500497154644
Mazandaran,-21.0,40736,36.7,52.64,Babolsar,1992-11-01,MASA,71.88471761516979
Mazandaran,2120.0,99357,36.2,51.8,Baladeh,1992-11-01,MASA,67.59032216839245
Mazandaran,-20.0,99306,36.86,53.39,Bandar-E-Amirabad,1992-11-01,MASA,79.20102384857586
Mazandaran,-10.0,99299,36.74,53.84,Galugah,1992-11-01,MASA,72.99747672848156
Mazandaran,14.7,40737,36.49,52.11,Gharakhil,1992-11-01,MASA,149.19073489479473
Mazandaran,1294.3,40760,36.25,53.55,Kiyasar,1992-11-01,MASA,69.70749405197552
Mazandaran,1550.0,99348,36.39,51.73,Kojur,1992-11-01,MASA,112.56567743591717
Mazandaran,-20.9,40734,36.66,51.47,Nowshahr,1992-11-01,MASA,172.4868824797099
Mazandaran,610.0,99360,36.1,53.06,Polsefid,1992-11-01,MASA,66.62968900970867
Mazandaran,-20.0,40732,36.9,50.68,Ramsar,1992-11-01,MASA,255.12842443756512
Mazandaran,23.0,40759,36.54,53.0,Sari,1992-11-01,MASA,98.48968294434002
Mazandaran,16.7,40788,36.64,53.2,Sari (Dasht-E-Naz Airport),1992-11-01,MASA,88.92854657940319
Mazandaran,1855.4,40735,36.23,51.3,Siahbisheh,1992-11-01,MASA,59.814300210994986
Mazandaran,1805.0,99361,36.07,52.84,Alasht,1992-12-01,MASA,68.94103629705839
Mazandaran,23.7,99309,36.48,52.47,Amol,1992-12-01,MASA,108.67672605631284
Mazandaran,-21.0,40736,36.7,52.64,Babolsar,1992-12-01,MASA,62.25199444410734
Mazandaran,2120.0,99357,36.2,51.8,Baladeh,1992-12-01,MASA,49.086431099151895
Mazandaran,-20.0,99306,36.86,53.39,Bandar-E-Amirabad,1992-12-01,MASA,88.04293913958006
Mazandaran,-10.0,99299,36.74,53.84,Galugah,1992-12-01,MASA,68.54515714762144
Mazandaran,14.7,40737,36.49,52.11,Gharakhil,1992-12-01,MASA,151.90123958704405
Mazandaran,1294.3,40760,36.25,53.55,Kiyasar,1992-12-01,MASA,41.654625965332315
Mazandaran,1550.0,99348,36.39,51.73,Kojur,1992-12-01,MASA,66.06572313425474
Mazandaran,-20.9,40734,36.66,51.47,Nowshahr,1992-12-01,MASA,245.5956284534686
Mazandaran,610.0,99360,36.1,53.06,Polsefid,1992-12-01,MASA,60.18444342729978
Mazandaran,-20.0,40732,36.9,50.68,Ramsar,1992-12-01,MASA,256.34742720243867
Mazandaran,23.0,40759,36.54,53.0,Sari,1992-12-01,MASA,63.41446383116178
Mazandaran,16.7,40788,36.64,53.2,Sari (Dasht-E-Naz Airport),1992-12-01,MASA,57.779947353576944
Mazandaran,1855.4,40735,36.23,51.3,Siahbisheh,1992-12-01,MASA,51.15141911623411
Mazandaran,1805.0,99361,36.07,52.84,Alasht,1993-01-01,MASA,52.61341196929337
Mazandaran,23.7,99309,36.48,52.47,Amol,1993-01-01,MASA,87.44107646380783
Mazandaran,-21.0,40736,36.7,52.64,Babolsar,1993-01-01,MASA,69.89928049479843
Mazandaran,2120.0,99357,36.2,51.8,Baladeh,1993-01-01,MASA,40.719215697397004
Mazandaran,-20.0,99306,36.86,53.39,Bandar-E-Amirabad,1993-01-01,MASA,69.58481383954407
Mazandaran,-10.0,99299,36.74,53.84,Galugah,1993-01-01,MASA,78.03187233840347
Mazandaran,14.7,40737,36.49,52.11,Gharakhil,1993-01-01,MASA,110.37943971787811
Mazandaran,1294.3,40760,36.25,53.55,Kiyasar,1993-01-01,MASA,63.044105595697175
Mazandaran,1550.0,99348,36.39,51.73,Kojur,1993-01-01,MASA,58.67878062163712
Mazandaran,-20.9,40734,36.66,51.47,Nowshahr,1993-01-01,MASA,156.14885551368118
Mazandaran,610.0,99360,36.1,53.06,Polsefid,1993-01-01,MASA,49.68325508271576
Mazandaran,-20.0,40732,36.9,50.68,Ramsar,1993-01-01,MASA,201.36052829657913
Mazandaran,23.0,40759,36.54,53.0,Sari,1993-01-01,MASA,68.61759436761261
Mazandaran,16.7,40788,36.64,53.2,Sari (Dasht-E-Naz Airport),1993-01-01,MASA,73.62426531945587
Mazandaran,1855.4,40735,36.23,51.3,Siahbisheh,1993-01-01,MASA,43.99684531127335
Mazandaran,1805.0,99361,36.07,52.84,Alasht,1993-02-01,MASA,74.33117670279898
Mazandaran,23.7,99309,36.48,52.47,Amol,1993-02-01,MASA,94.72983819705405
Mazandaran,-21.0,40736,36.7,52.64,Babolsar,1993-02-01,MASA,58.64497763377585
Mazandaran,2120.0,99357,36.2,51.8,Baladeh,1993-02-01,MASA,72.31121999484458
Mazandaran,-20.0,99306,36.86,53.39,Bandar-E-Amirabad,1993-02-01,MASA,72.33604532939353
Mazandaran,-10.0,99299,36.74,53.84,Galugah,1993-02-01,MASA,81.04726416331687
Mazandaran,14.7,40737,36.49,52.11,Gharakhil,1993-02-01,MASA,107.49475402099051
Mazandaran,1294.3,40760,36.25,53.55,Kiyasar,1993-02-01,MASA,71.5809140847341
Mazandaran,1550.0,99348,36.39,51.73,Kojur,1993-02-01,MASA,71.53534633380332
Mazandaran,-20.9,40734,36.66,51.47,Nowshahr,1993-02-01,MASA,150.23547155124106
Mazandaran,610.0,99360,36.1,53.06,Polsefid,1993-02-01,MASA,74.22147435408988
Mazandaran,-20.0,40732,36.9,50.68,Ramsar,1993-02-01,MASA,180.85862440329947
Mazandaran,23.0,40759,36.54,53.0,Sari,1993-02-01,MASA,80.07478458148398
Mazandaran,16.7,40788,36.64,53.2,Sari (Dasht-E-Naz Airport),1993-02-01,MASA,75.13832790118613
Mazandaran,1855.4,40735,36.23,51.3,Siahbisheh,1993-02-01,MASA,112.90129763347068
Mazandaran,1805.0,99361,36.07,52.84,Alasht,1993-03-01,MASA,99.42055198957078
Mazandaran,23.7,99309,36.48,52.47,Amol,1993-03-01,MASA,78.52575633336656
Mazandaran,-21.0,40736,36.7,52.64,Babolsar,1993-03-01,MASA,50.74480626393907
Mazandaran,2120.0,99357,36.2,51.8,Baladeh,1993-03-01,MASA,63.93599960614793
Mazandaran,-20.0,99306,36.86,53.39,Bandar-E-Amirabad,1993-03-01,MASA,70.58874223043077
Mazandaran,-10.0,99299,36.74,53.84,Galugah,1993-03-01,MASA,103.07935330678575
Mazandaran,14.7,40737,36.49,52.11,Gharakhil,1993-03-01,MASA,76.18187818338029
Mazandaran,1294.3,40760,36.25,53.55,Kiyasar,1993-03-01,MASA,93.620230291382
Mazandaran,1550.0,99348,36.39,51.73,Kojur,1993-03-01,MASA,50.87186846543901
Mazandaran,-20.9,40734,36.66,51.47,Nowshahr,1993-03-01,MASA,83.92981145192735
Mazandaran,610.0,99360,36.1,53.06,Polsefid,1993-03-01,MASA,87.93458792974107
Mazandaran,-20.0,40732,36.9,50.68,Ramsar,1993-03-01,MASA,95.42891833593004
Mazandaran,23.0,40759,36.54,53.0,Sari,1993-03-01,MASA,87.03659925271623
Mazandaran,16.7,40788,36.64,53.2,Sari (Dasht-E-Naz Airport),1993-03-01,MASA,85.64639541913621
Mazandaran,1855.4,40735,36.23,51.3,Siahbisheh,1993-03-01,MASA,98.88673279096238
Mazandaran,1805.0,99361,36.07,52.84,Alasht,1993-04-01,MASA,102.35056749224825
Mazandaran,23.7,99309,36.48,52.47,Amol,1993-04-01,MASA,46.57334557414217
Mazandaran,-21.0,40736,36.7,52.64,Babolsar,1993-04-01,MASA,21.153022559882828
Mazandaran,2120.0,99357,36.2,51.8,Baladeh,1993-04-01,MASA,60.02821496367616
Mazandaran,-20.0,99306,36.86,53.39,Bandar-E-Amirabad,1993-04-01,MASA,30.234460743667313
Mazandaran,-10.0,99299,36.74,53.84,Galugah,1993-04-01,MASA,72.8077190244214
Mazandaran,14.7,40737,36.49,52.11,Gharakhil,1993-04-01,MASA,85.75475684046907
Mazandaran,1294.3,40760,36.25,53.55,Kiyasar,1993-04-01,MASA,61.35431400180025
Mazandaran,1550.0,99348,36.39,51.73,Kojur,1993-04-01,MASA,81.55984154582185
Mazandaran,-20.9,40734,36.66,51.47,Nowshahr,1993-04-01,MASA,51.13298169017
Mazandaran,610.0,99360,36.1,53.06,Polsefid,1993-04-01,MASA,99.00212756037874
Mazandaran,-20.0,40732,36.9,50.68,Ramsar,1993-04-01,MASA,51.11274591326875
Mazandaran,23.0,40759,36.54,53.0,Sari,1993-04-01,MASA,43.323104294540116
Mazandaran,16.7,40788,36.64,53.2,Sari (Dasht-E-Naz Airport),1993-04-01,MASA,37.468795689346024
Mazandaran,1855.4,40735,36.23,51.3,Siahbisheh,1993-04-01,MASA,71.85575834155244
Mazandaran,1805.0,99361,36.07,52.84,Alasht,1993-05-01,MASA,246.8375444128128
Mazandaran,23.7,99309,36.48,52.47,Amol,1993-05-01,MASA,78.27930447598419
Mazandaran,-21.0,40736,36.7,52.64,Babolsar,1993-05-01,MASA,17.62503680726013
Mazandaran,2120.0,99357,36.2,51.8,Baladeh,1993-05-01,MASA,138.29843995114288
Mazandaran,-20.0,99306,36.86,53.39,Bandar-E-Amirabad,1993-05-01,MASA,18.568161101541136
Mazandaran,-10.0,99299,36.74,53.84,Galugah,1993-05-01,MASA,92.10171100636444
Mazandaran,14.7,40737,36.49,52.11,Gharakhil,1993-05-01,MASA,196.51811120053253
Mazandaran,1294.3,40760,36.25,53.55,Kiyasar,1993-05-01,MASA,103.46690115471802
Mazandaran,1550.0,99348,36.39,51.73,Kojur,1993-05-01,MASA,211.68005761643371
Mazandaran,-20.9,40734,36.66,51.47,Nowshahr,1993-05-01,MASA,77.9351174547287
Mazandaran,610.0,99360,36.1,53.06,Polsefid,1993-05-01,MASA,204.93676063557587
Mazandaran,-20.0,40732,36.9,50.68,Ramsar,1993-05-01,MASA,98.46033451100311
Mazandaran,23.0,40759,36.54,53.0,Sari,1993-05-01,MASA,55.90737161179504
Mazandaran,16.7,40788,36.64,53.2,Sari (Dasht-E-Naz Airport),1993-05-01,MASA,47.77892229100189
Mazandaran,1855.4,40735,36.23,51.3,Siahbisheh,1993-05-01,MASA,97.80939218541107
Mazandaran,1805.0,99361,36.07,52.84,Alasht,1993-06-01,MASA,146.0250798645184
Mazandaran,23.7,99309,36.48,52.47,Amol,1993-06-01,MASA,65.41835107232785
Mazandaran,-21.0,40736,36.7,52.64,Babolsar,1993-06-01,MASA,29.9776379051373
Mazandaran,2120.0,99357,36.2,51.8,Baladeh,1993-06-01,MASA,119.52071227456784
Mazandaran,-20.0,99306,36.86,53.39,Bandar-E-Amirabad,1993-06-01,MASA,42.81457104112363
Mazandaran,-10.0,99299,36.74,53.84,Galugah,1993-06-01,MASA,90.55088796045041
Mazandaran,14.7,40737,36.49,52.11,Gharakhil,1993-06-01,MASA,177.94485725785947
Mazandaran,1294.3,40760,36.25,53.55,Kiyasar,1993-06-01,MASA,112.822461503999
Mazandaran,1550.0,99348,36.39,51.73,Kojur,1993-06-01,MASA,206.10891618158078
Mazandaran,-20.9,40734,36.66,51.47,Nowshahr,1993-06-01,MASA,88.14256228830075
Mazandaran,610.0,99360,36.1,53.06,Polsefid,1993-06-01,MASA,164.48814012433743
Mazandaran,-20.0,40732,36.9,50.68,Ramsar,1993-06-01,MASA,124.80633296395993
Mazandaran,23.0,40759,36.54,53.0,Sari,1993-06-01,MASA,77.64795758153653
Mazandaran,16.7,40788,36.64,53.2,Sari (Dasht-E-Naz Airport),1993-06-01,MASA,70.930052179353
Mazandaran,1855.4,40735,36.23,51.3,Siahbisheh,1993-06-01,MASA,86.85992993737912
Mazandaran,1805.0,99361,36.07,52.84,Alasht,1993-07-01,MASA,39.147487516515866
Mazandaran,23.7,99309,36.48,52.47,Amol,1993-07-01,MASA,58.0571653796369
Mazandaran,-21.0,40736,36.7,52.64,Babolsar,1993-07-01,MASA,13.218811388128415
Mazandaran,2120.0,99357,36.2,51.8,Baladeh,1993-07-01,MASA,97.98108660709204
Mazandaran,-20.0,99306,36.86,53.39,Bandar-E-Amirabad,1993-07-01,MASA,14.573699469679013
Mazandaran,-10.0,99299,36.74,53.84,Galugah,1993-07-01,MASA,29.48803329002203
Mazandaran,14.7,40737,36.49,52.11,Gharakhil,1993-07-01,MASA,75.6377043677503
Mazandaran,1294.3,40760,36.25,53.55,Kiyasar,1993-07-01,MASA,47.35157513152899
Mazandaran,1550.0,99348,36.39,51.73,Kojur,1993-07-01,MASA,105.10016107093634
Mazandaran,-20.9,40734,36.66,51.47,Nowshahr,1993-07-01,MASA,66.01155423652472
Mazandaran,610.0,99360,36.1,53.06,Polsefid,1993-07-01,MASA,37.71378719341101
Mazandaran,-20.0,40732,36.9,50.68,Ramsar,1993-07-01,MASA,64.3171282960111
Mazandaran,23.0,40759,36.54,53.0,Sari,1993-07-01,MASA,47.139293189161435
Mazandaran,16.7,40788,36.64,53.2,Sari (Dasht-E-Naz Airport),1993-07-01,MASA,27.757367725484983
Mazandaran,1855.4,40735,36.23,51.3,Siahbisheh,1993-07-01,MASA,78.51756238471808
Mazandaran,1805.0,99361,36.07,52.84,Alasht,1993-08-01,MASA,80.0686373877042
Mazandaran,23.7,99309,36.48,52.47,Amol,1993-08-01,MASA,65.45740808720524
Mazandaran,-21.0,40736,36.7,52.64,Babolsar,1993-08-01,MASA,25.94927396054203
Mazandaran,2120.0,99357,36.2,51.8,Baladeh,1993-08-01,MASA,120.17474021191532
Mazandaran,-20.0,99306,36.86,53.39,Bandar-E-Amirabad,1993-08-01,MASA,28.5351022648328
Mazandaran,-10.0,99299,36.74,53.84,Galugah,1993-08-01,MASA,46.42513837094242
Mazandaran,14.7,40737,36.49,52.11,Gharakhil,1993-08-01,MASA,130.81926550145084
Mazandaran,1294.3,40760,36.25,53.55,Kiyasar,1993-08-01,MASA,66.61622668976719
Mazandaran,1550.0,99348,36.39,51.73,Kojur,1993-08-01,MASA,212.40969444985325
Mazandaran,-20.9,40734,36.66,51.47,Nowshahr,1993-08-01,MASA,107.09020938153202
Mazandaran,610.0,99360,36.1,53.06,Polsefid,1993-08-01,MASA,63.19632078881199
Mazandaran,-20.0,40732,36.9,50.68,Ramsar,1993-08-01,MASA,102.13686968560154
Mazandaran,23.0,40759,36.54,53.0,Sari,1993-08-01,MASA,55.60763622994358
Mazandaran,16.7,40788,36.64,53.2,Sari (Dasht-E-Naz Airport),1993-08-01,MASA,41.54879297490055
Mazandaran,1855.4,40735,36.23,51.3,Siahbisheh,1993-08-01,MASA,116.32283474678928
Mazandaran,1805.0,99361,36.07,52.84,Alasht,1993-09-01,MASA,124.07887201737822
Mazandaran,23.7,99309,36.48,52.47,Amol,1993-09-01,MASA,110.26224713754118
Mazandaran,-21.0,40736,36.7,52.64,Babolsar,1993-09-01,MASA,50.48707347344816
Mazandaran,2120.0,99357,36.2,51.8,Baladeh,1993-09-01,MASA,87.31122534703672
Mazandaran,-20.0,99306,36.86,53.39,Bandar-E-Amirabad,1993-09-01,MASA,56.35370533894957
Mazandaran,-10.0,99299,36.74,53.84,Galugah,1993-09-01,MASA,107.58526843022764
Mazandaran,14.7,40737,36.49,52.11,Gharakhil,1993-09-01,MASA,197.86104779672087
Mazandaran,1294.3,40760,36.25,53.55,Kiyasar,1993-09-01,MASA,103.9072893185562
Mazandaran,1550.0,99348,36.39,51.73,Kojur,1993-09-01,MASA,201.8912158532089
Mazandaran,-20.9,40734,36.66,51.47,Nowshahr,1993-09-01,MASA,200.670751146788
Mazandaran,610.0,99360,36.1,53.06,Polsefid,1993-09-01,MASA,121.76954966020048
Mazandaran,-20.0,40732,36.9,50.68,Ramsar,1993-09-01,MASA,262.0770059151596
Mazandaran,23.0,40759,36.54,53.0,Sari,1993-09-01,MASA,103.45201414060057
Mazandaran,16.7,40788,36.64,53.2,Sari (Dasht-E-Naz Airport),1993-09-01,MASA,95.71647863816679
Mazandaran,1855.4,40735,36.23,51.3,Siahbisheh,1993-09-01,MASA,51.82767134141386
Mazandaran,1805.0,99361,36.07,52.84,Alasht,1993-10-01,MASA,77.97699090883725
Mazandaran,23.7,99309,36.48,52.47,Amol,1993-10-01,MASA,93.5405981247186
Mazandaran,-21.0,40736,36.7,52.64,Babolsar,1993-10-01,MASA,53.30449757025235
Mazandaran,2120.0,99357,36.2,51.8,Baladeh,1993-10-01,MASA,79.78317555830472
Mazandaran,-20.0,99306,36.86,53.39,Bandar-E-Amirabad,1993-10-01,MASA,65.01365122244351
Mazandaran,-10.0,99299,36.74,53.84,Galugah,1993-10-01,MASA,76.53271076128476
Mazandaran,14.7,40737,36.49,52.11,Gharakhil,1993-10-01,MASA,156.9931846563577
Mazandaran,1294.3,40760,36.25,53.55,Kiyasar,1993-10-01,MASA,70.2339005176782
Mazandaran,1550.0,99348,36.39,51.73,Kojur,1993-10-01,MASA,119.87998005793088
Mazandaran,-20.9,40734,36.66,51.47,Nowshahr,1993-10-01,MASA,189.916063517785
Mazandaran,610.0,99360,36.1,53.06,Polsefid,1993-10-01,MASA,71.15020272181027
Mazandaran,-20.0,40732,36.9,50.68,Ramsar,1993-10-01,MASA,258.86483904764646
Mazandaran,23.0,40759,36.54,53.0,Sari,1993-10-01,MASA,72.54679915354245
Mazandaran,16.7,40788,36.64,53.2,Sari (Dasht-E-Naz Airport),1993-10-01,MASA,67.56392535612576
Mazandaran,1855.4,40735,36.23,51.3,Siahbisheh,1993-10-01,MASA,79.65100225851529
Mazandaran,1805.0,99361,36.07,52.84,Alasht,1993-11-01,MASA,114.48939516215617
Mazandaran,23.7,99309,36.48,52.47,Amol,1993-11-01,MASA,127.39374115138347
Mazandaran,-21.0,40736,36.7,52.64,Babolsar,1993-11-01,MASA,107.47044160037333
Mazandaran,2120.0,99357,36.2,51.8,Baladeh,1993-11-01,MASA,142.21515133052165
Mazandaran,-20.0,99306,36.86,53.39,Bandar-E-Amirabad,1993-11-01,MASA,135.17701997428233
Mazandaran,-10.0,99299,36.74,53.84,Galugah,1993-11-01,MASA,104.86351325183207
Mazandaran,14.7,40737,36.49,52.11,Gharakhil,1993-11-01,MASA,197.35992326407725
Mazandaran,1294.3,40760,36.25,53.55,Kiyasar,1993-11-01,MASA,103.95110025077159
Mazandaran,1550.0,99348,36.39,51.73,Kojur,1993-11-01,MASA,159.72417964606578
Mazandaran,-20.9,40734,36.66,51.47,Nowshahr,1993-11-01,MASA,345.3466929402857
Mazandaran,610.0,99360,36.1,53.06,Polsefid,1993-11-01,MASA,108.09941961436564
Mazandaran,-20.0,40732,36.9,50.68,Ramsar,1993-11-01,MASA,471.1131192651301
Mazandaran,23.0,40759,36.54,53.0,Sari,1993-11-01,MASA,108.87322201400096
Mazandaran,16.7,40788,36.64,53.2,Sari (Dasht-E-Naz Airport),1993-11-01,MASA,107.72891714244182
Mazandaran,1855.4,40735,36.23,51.3,Siahbisheh,1993-11-01,MASA,228.71654107241923
Mazandaran,1805.0,99361,36.07,52.84,Alasht,1993-12-01,MASA,34.106116748375825
Mazandaran,23.7,99309,36.48,52.47,Amol,1993-12-01,MASA,51.53934285692685
Mazandaran,-21.0,40736,36.7,52.64,Babolsar,1993-12-01,MASA,46.34415731482022
Mazandaran,2120.0,99357,36.2,51.8,Baladeh,1993-12-01,MASA,35.48307344965451
Mazandaran,-20.0,99306,36.86,53.39,Bandar-E-Amirabad,1993-12-01,MASA,43.11184213213437
Mazandaran,-10.0,99299,36.74,53.84,Galugah,1993-12-01,MASA,44.697340584320955
Mazandaran,14.7,40737,36.49,52.11,Gharakhil,1993-12-01,MASA,63.94977495722287
Mazandaran,1294.3,40760,36.25,53.55,Kiyasar,1993-12-01,MASA,30.256059027237825
Mazandaran,1550.0,99348,36.39,51.73,Kojur,1993-12-01,MASA,37.21974418215268
Mazandaran,-20.9,40734,36.66,51.47,Nowshahr,1993-12-01,MASA,95.38963065199368
Mazandaran,610.0,99360,36.1,53.06,Polsefid,1993-12-01,MASA,31.468134379906587
Mazandaran,-20.0,40732,36.9,50.68,Ramsar,1993-12-01,MASA,136.57144830278867
Mazandaran,23.0,40759,36.54,53.0,Sari,1993-12-01,MASA,38.020458078904085
Mazandaran,16.7,40788,36.64,53.2,Sari (Dasht-E-Naz Airport),1993-12-01,MASA,39.042752242608
Mazandaran,1855.4,40735,36.23,51.3,Siahbisheh,1993-12-01,MASA,40.681179619355134
Mazandaran,1805.0,99361,36.07,52.84,Alasht,1994-01-01,MASA,60.76474861909631
Mazandaran,23.7,99309,36.48,52.47,Amol,1994-01-01,MASA,73.66336511184457
Mazandaran,-21.0,40736,36.7,52.64,Babolsar,1994-01-01,MASA,59.326846168534786
Mazandaran,2120.0,99357,36.2,51.8,Baladeh,1994-01-01,MASA,57.33764545728448
Mazandaran,-20.0,99306,36.86,53.39,Bandar-E-Amirabad,1994-01-01,MASA,66.3952715854812
Mazandaran,-10.0,99299,36.74,53.84,Galugah,1994-01-01,MASA,80.35702632476571
Mazandaran,14.7,40737,36.49,52.11,Gharakhil,1994-01-01,MASA,85.83033458997491
Mazandaran,1294.3,40760,36.25,53.55,Kiyasar,1994-01-01,MASA,82.2864435773063
Mazandaran,1550.0,99348,36.39,51.73,Kojur,1994-01-01,MASA,54.16372792531732
Mazandaran,-20.9,40734,36.66,51.47,Nowshahr,1994-01-01,MASA,121.84367703010324
Mazandaran,610.0,99360,36.1,53.06,Polsefid,1994-01-01,MASA,60.88674442579034
Mazandaran,-20.0,40732,36.9,50.68,Ramsar,1994-01-01,MASA,126.63665042926553
Mazandaran,23.0,40759,36.54,53.0,Sari,1994-01-01,MASA,72.43089752008203
Mazandaran,16.7,40788,36.64,53.2,Sari (Dasht-E-Naz Airport),1994-01-01,MASA,74.32767377902749
Mazandaran,1855.4,40735,36.23,51.3,Siahbisheh,1994-01-01,MASA,84.31888745834115
Mazandaran,1805.0,99361,36.07,52.84,Alasht,1994-02-01,MASA,84.64250946680707
Mazandaran,23.7,99309,36.48,52.47,Amol,1994-02-01,MASA,95.22654349247617
Mazandaran,-21.0,40736,36.7,52.64,Babolsar,1994-02-01,MASA,55.17837638298673
Mazandaran,2120.0,99357,36.2,51.8,Baladeh,1994-02-01,MASA,57.5195723239581
Mazandaran,-20.0,99306,36.86,53.39,Bandar-E-Amirabad,1994-02-01,MASA,56.21913308540982
Mazandaran,-10.0,99299,36.74,53.84,Galugah,1994-02-01,MASA,68.66050744692487
Mazandaran,14.7,40737,36.49,52.11,Gharakhil,1994-02-01,MASA,109.223874754111
Mazandaran,1294.3,40760,36.25,53.55,Kiyasar,1994-02-01,MASA,63.08479095141095
Mazandaran,1550.0,99348,36.39,51.73,Kojur,1994-02-01,MASA,63.77965444962186
Mazandaran,-20.9,40734,36.66,51.47,Nowshahr,1994-02-01,MASA,156.2458970610301
Mazandaran,610.0,99360,36.1,53.06,Polsefid,1994-02-01,MASA,84.07283807436627
Mazandaran,-20.0,40732,36.9,50.68,Ramsar,1994-02-01,MASA,199.19494027535123
Mazandaran,23.0,40759,36.54,53.0,Sari,1994-02-01,MASA,75.9819992844264
Mazandaran,16.7,40788,36.64,53.2,Sari (Dasht-E-Naz Airport),1994-02-01,MASA,62.42852891127271
Mazandaran,1855.4,40735,36.23,51.3,Siahbisheh,1994-02-01,MASA,81.731880551974
Mazandaran,1805.0,99361,36.07,52.84,Alasht,1994-03-01,MASA,74.0908744308868
Mazandaran,23.7,99309,36.48,52.47,Amol,1994-03-01,MASA,58.674252269021565
Mazandaran,-21.0,40736,36.7,52.64,Babolsar,1994-03-01,MASA,24.7337731096664
Mazandaran,2120.0,99357,36.2,51.8,Baladeh,1994-03-01,MASA,71.43118107055813
Mazandaran,-20.0,99306,36.86,53.39,Bandar-E-Amirabad,1994-03-01,MASA,36.96485483383327
Mazandaran,-10.0,99299,36.74,53.84,Galugah,1994-03-01,MASA,50.13439678882747
Mazandaran,14.7,40737,36.49,52.11,Gharakhil,1994-03-01,MASA,78.70747768615871
Mazandaran,1294.3,40760,36.25,53.55,Kiyasar,1994-03-01,MASA,64.06030678486019
Mazandaran,1550.0,99348,36.39,51.73,Kojur,1994-03-01,MASA,60.60600900386959
Mazandaran,-20.9,40734,36.66,51.47,Nowshahr,1994-03-01,MASA,80.808139083139
Mazandaran,610.0,99360,36.1,53.06,Polsefid,1994-03-01,MASA,77.48371982311397
Mazandaran,-20.0,40732,36.9,50.68,Ramsar,1994-03-01,MASA,80.29895150398403
Mazandaran,23.0,40759,36.54,53.0,Sari,1994-03-01,MASA,44.282308456651265
Mazandaran,16.7,40788,36.64,53.2,Sari (Dasht-E-Naz Airport),1994-03-01,MASA,35.464203593484456
Mazandaran,1855.4,40735,36.23,51.3,Siahbisheh,1994-03-01,MASA,96.68197357391506
Mazandaran,1805.0,99361,36.07,52.84,Alasht,1994-04-01,MASA,103.0652571916697
Mazandaran,23.7,99309,36.48,52.47,Amol,1994-04-01,MASA,48.27739787102914
Mazandaran,-21.0,40736,36.7,52.64,Babolsar,1994-04-01,MASA,17.519195795070885
Mazandaran,2120.0,99357,36.2,51.8,Baladeh,1994-04-01,MASA,79.81309783459878
Mazandaran,-20.0,99306,36.86,53.39,Bandar-E-Amirabad,1994-04-01,MASA,15.818839192402123
Mazandaran,-10.0,99299,36.74,53.84,Galugah,1994-04-01,MASA,34.738158106815575
Mazandaran,14.7,40737,36.49,52.11,Gharakhil,1994-04-01,MASA,96.38757002354836
Mazandaran,1294.3,40760,36.25,53.55,Kiyasar,1994-04-01,MASA,58.42398595811105
Mazandaran,1550.0,99348,36.39,51.73,Kojur,1994-04-01,MASA,105.6752253770945
Mazandaran,-20.9,40734,36.66,51.47,Nowshahr,1994-04-01,MASA,54.293384075176476
Mazandaran,610.0,99360,36.1,53.06,Polsefid,1994-04-01,MASA,99.17459380627847
Mazandaran,-20.0,40732,36.9,50.68,Ramsar,1994-04-01,MASA,90.97099792958474
Mazandaran,23.0,40759,36.54,53.0,Sari,1994-04-01,MASA,32.80321252347207
Mazandaran,16.7,40788,36.64,53.2,Sari (Dasht-E-Naz Airport),1994-04-01,MASA,27.676810741436242
Mazandaran,1855.4,40735,36.23,51.3,Siahbisheh,1994-04-01,MASA,84.10810422898507
Mazandaran,1805.0,99361,36.07,52.84,Alasht,1994-05-01,MASA,165.6783597505651
Mazandaran,23.7,99309,36.48,52.47,Amol,1994-05-01,MASA,78.18346488839012
Mazandaran,-21.0,40736,36.7,52.64,Babolsar,1994-05-01,MASA,29.547013524826582
Mazandaran,2120.0,99357,36.2,51.8,Baladeh,1994-05-01,MASA,129.0003882682882
Mazandaran,-20.0,99306,36.86,53.39,Bandar-E-Amirabad,1994-05-01,MASA,44.69487834339958
Mazandaran,-10.0,99299,36.74,53.84,Galugah,1994-05-01,MASA,70.62498498326164
Mazandaran,14.7,40737,36.49,52.11,Gharakhil,1994-05-01,MASA,172.60485160714012
Mazandaran,1294.3,40760,36.25,53.55,Kiyasar,1994-05-01,MASA,74.67379439240318
Mazandaran,1550.0,99348,36.39,51.73,Kojur,1994-05-01,MASA,193.3682041204534
Mazandaran,-20.9,40734,36.66,51.47,Nowshahr,1994-05-01,MASA,82.83158409958702
Mazandaran,610.0,99360,36.1,53.06,Polsefid,1994-05-01,MASA,157.3584901130758
Mazandaran,-20.0,40732,36.9,50.68,Ramsar,1994-05-01,MASA,104.54326141243797
Mazandaran,23.0,40759,36.54,53.0,Sari,1994-05-01,MASA,67.88340974217277
Mazandaran,16.7,40788,36.64,53.2,Sari (Dasht-E-Naz Airport),1994-05-01,MASA,61.48875522976738
Mazandaran,1855.4,40735,36.23,51.3,Siahbisheh,1994-05-01,MASA,107.25795495873314
Mazandaran,1805.0,99361,36.07,52.84,Alasht,1994-06-01,MASA,141.76560231180702
Mazandaran,23.7,99309,36.48,52.47,Amol,1994-06-01,MASA,112.14041002722297
Mazandaran,-21.0,40736,36.7,52.64,Babolsar,1994-06-01,MASA,55.90254851313148
Mazandaran,2120.0,99357,36.2,51.8,Baladeh,1994-06-01,MASA,152.89951153727088
Mazandaran,-20.0,99306,36.86,53.39,Bandar-E-Amirabad,1994-06-01,MASA,100.68521686525855
Mazandaran,-10.0,99299,36.74,53.84,Galugah,1994-06-01,MASA,139.7139210316709
Mazandaran,14.7,40737,36.49,52.11,Gharakhil,1994-06-01,MASA,193.19095500441108
Mazandaran,1294.3,40760,36.25,53.55,Kiyasar,1994-06-01,MASA,160.0170958849958
Mazandaran,1550.0,99348,36.39,51.73,Kojur,1994-06-01,MASA,202.77396627398048
Mazandaran,-20.9,40734,36.66,51.47,Nowshahr,1994-06-01,MASA,184.98862572641883
Mazandaran,610.0,99360,36.1,53.06,Polsefid,1994-06-01,MASA,145.3214366051725
Mazandaran,-20.0,40732,36.9,50.68,Ramsar,1994-06-01,MASA,228.330903134065
Mazandaran,23.0,40759,36.54,53.0,Sari,1994-06-01,MASA,129.7269690844587
Mazandaran,16.7,40788,36.64,53.2,Sari (Dasht-E-Naz Airport),1994-06-01,MASA,97.40606733294044
Mazandaran,1855.4,40735,36.23,51.3,Siahbisheh,1994-06-01,MASA,123.35381694765601
Mazandaran,1805.0,99361,36.07,52.84,Alasht,1994-07-01,MASA,56.08410979751355
Mazandaran,23.7,99309,36.48,52.47,Amol,1994-07-01,MASA,49.081905140912596
Mazandaran,-21.0,40736,36.7,52.64,Babolsar,1994-07-01,MASA,14.5633652353645
Mazandaran,2120.0,99357,36.2,51.8,Baladeh,1994-07-01,MASA,58.02813018802411
Mazandaran,-20.0,99306,36.86,53.39,Bandar-E-Amirabad,1994-07-01,MASA,19.547773852384154
Mazandaran,-10.0,99299,36.74,53.84,Galugah,1994-07-01,MASA,31.599445595777098
Mazandaran,14.7,40737,36.49,52.11,Gharakhil,1994-07-01,MASA,60.463099136388365
Mazandaran,1294.3,40760,36.25,53.55,Kiyasar,1994-07-01,MASA,51.883979096448485
Mazandaran,1550.0,99348,36.39,51.73,Kojur,1994-07-01,MASA,80.18928612712628
Mazandaran,-20.9,40734,36.66,51.47,Nowshahr,1994-07-01,MASA,35.35325671676404
Mazandaran,610.0,99360,36.1,53.06,Polsefid,1994-07-01,MASA,64.42937101367718
Mazandaran,-20.0,40732,36.9,50.68,Ramsar,1994-07-01,MASA,50.99414135459668
Mazandaran,23.0,40759,36.54,53.0,Sari,1994-07-01,MASA,47.09336008075482
Mazandaran,16.7,40788,36.64,53.2,Sari (Dasht-E-Naz Airport),1994-07-01,MASA,33.46207584384686
Mazandaran,1855.4,40735,36.23,51.3,Siahbisheh,1994-07-01,MASA,41.286750092542235
Mazandaran,1805.0,99361,36.07,52.84,Alasht,1994-08-01,MASA,85.76015399961534
Mazandaran,23.7,99309,36.48,52.47,Amol,1994-08-01,MASA,67.68064962892595
Mazandaran,-21.0,40736,36.7,52.64,Babolsar,1994-08-01,MASA,18.94698308973375
Mazandaran,2120.0,99357,36.2,51.8,Baladeh,1994-08-01,MASA,75.97551511793199
Mazandaran,-20.0,99306,36.86,53.39,Bandar-E-Amirabad,1994-08-01,MASA,24.777598848629623
Mazandaran,-10.0,99299,36.74,53.84,Galugah,1994-08-01,MASA,63.84553777246538
Mazandaran,14.7,40737,36.49,52.11,Gharakhil,1994-08-01,MASA,96.92776965169969
Mazandaran,1294.3,40760,36.25,53.55,Kiyasar,1994-08-01,MASA,56.153245439816146
Mazandaran,1550.0,99348,36.39,51.73,Kojur,1994-08-01,MASA,149.6108101513869
Mazandaran,-20.9,40734,36.66,51.47,Nowshahr,1994-08-01,MASA,65.50707685022417
Mazandaran,610.0,99360,36.1,53.06,Polsefid,1994-08-01,MASA,75.14844106702867
Mazandaran,-20.0,40732,36.9,50.68,Ramsar,1994-08-01,MASA,85.03619598417345
Mazandaran,23.0,40759,36.54,53.0,Sari,1994-08-01,MASA,68.8971208241469
Mazandaran,16.7,40788,36.64,53.2,Sari (Dasht-E-Naz Airport),1994-08-01,MASA,41.71457158594194
Mazandaran,1855.4,40735,36.23,51.3,Siahbisheh,1994-08-01,MASA,56.53969215421739
Mazandaran,1805.0,99361,36.07,52.84,Alasht,1994-09-01,MASA,127.28279568842282
Mazandaran,23.7,99309,36.48,52.47,Amol,1994-09-01,MASA,120.00496425321927
Mazandaran,-21.0,40736,36.7,52.64,Babolsar,1994-09-01,MASA,66.58129133871427
Mazandaran,2120.0,99357,36.2,51.8,Baladeh,1994-09-01,MASA,134.11616273811688
Mazandaran,-20.0,99306,36.86,53.39,Bandar-E-Amirabad,1994-09-01,MASA,68.78777333191266
Mazandaran,-10.0,99299,36.74,53.84,Galugah,1994-09-01,MASA,64.64968361547818
Mazandaran,14.7,40737,36.49,52.11,Gharakhil,1994-09-01,MASA,198.54055084875455
Mazandaran,1294.3,40760,36.25,53.55,Kiyasar,1994-09-01,MASA,97.42417671373715
Mazandaran,1550.0,99348,36.39,51.73,Kojur,1994-09-01,MASA,184.64512117794385
Mazandaran,-20.9,40734,36.66,51.47,Nowshahr,1994-09-01,MASA,155.31902500084271
Mazandaran,610.0,99360,36.1,53.06,Polsefid,1994-09-01,MASA,116.50158204725614
Mazandaran,-20.0,40732,36.9,50.68,Ramsar,1994-09-01,MASA,123.94008525303235
Mazandaran,23.0,40759,36.54,53.0,Sari,1994-09-01,MASA,124.06724431208005
Mazandaran,16.7,40788,36.64,53.2,Sari (Dasht-E-Naz Airport),1994-09-01,MASA,105.64888753584256
Mazandaran,1855.4,40735,36.23,51.3,Siahbisheh,1994-09-01,MASA,98.00538160494199
Mazandaran,1805.0,99361,36.07,52.84,Alasht,1994-10-01,MASA,188.94570941653654
Mazandaran,23.7,99309,36.48,52.47,Amol,1994-10-01,MASA,178.84559805121825
Mazandaran,-21.0,40736,36.7,52.64,Babolsar,1994-10-01,MASA,105.60791070189879
Mazandaran,2120.0,99357,36.2,51.8,Baladeh,1994-10-01,MASA,126.28416592803404
Mazandaran,-20.0,99306,36.86,53.39,Bandar-E-Amirabad,1994-10-01,MASA,63.72246021953032
Mazandaran,-10.0,99299,36.74,53.84,Galugah,1994-10-01,MASA,119.1492217275183
Mazandaran,14.7,40737,36.49,52.11,Gharakhil,1994-10-01,MASA,260.172082731394
Mazandaran,1294.3,40760,36.25,53.55,Kiyasar,1994-10-01,MASA,128.76060480800078
Mazandaran,1550.0,99348,36.39,51.73,Kojur,1994-10-01,MASA,168.93273467746184
Mazandaran,-20.9,40734,36.66,51.47,Nowshahr,1994-10-01,MASA,292.19610864844725
Mazandaran,610.0,99360,36.1,53.06,Polsefid,1994-10-01,MASA,177.07282180514738
Mazandaran,-20.0,40732,36.9,50.68,Ramsar,1994-10-01,MASA,320.39727146354124
Mazandaran,23.0,40759,36.54,53.0,Sari,1994-10-01,MASA,133.0635386201422
Mazandaran,16.7,40788,36.64,53.2,Sari (Dasht-E-Naz Airport),1994-10-01,MASA,100.6744640561621
Mazandaran,1855.4,40735,36.23,51.3,Siahbisheh,1994-10-01,MASA,138.73316223349974
Mazandaran,1805.0,99361,36.07,52.84,Alasht,1994-11-01,MASA,122.9313550138329
Mazandaran,23.7,99309,36.48,52.47,Amol,1994-11-01,MASA,132.32914484976277
Mazandaran,-21.0,40736,36.7,52.64,Babolsar,1994-11-01,MASA,62.579223289475294
Mazandaran,2120.0,99357,36.2,51.8,Baladeh,1994-11-01,MASA,163.47771264551625
Mazandaran,-20.0,99306,36.86,53.39,Bandar-E-Amirabad,1994-11-01,MASA,90.47555305002675
Mazandaran,-10.0,99299,36.74,53.84,Galugah,1994-11-01,MASA,94.68870736597523
Mazandaran,14.7,40737,36.49,52.11,Gharakhil,1994-11-01,MASA,207.1703014516686
Mazandaran,1294.3,40760,36.25,53.55,Kiyasar,1994-11-01,MASA,69.57534827230916
Mazandaran,1550.0,99348,36.39,51.73,Kojur,1994-11-01,MASA,159.97732557295308
Mazandaran,-20.9,40734,36.66,51.47,Nowshahr,1994-11-01,MASA,275.85143722532735
Mazandaran,610.0,99360,36.1,53.06,Polsefid,1994-11-01,MASA,106.47081710337147
Mazandaran,-20.0,40732,36.9,50.68,Ramsar,1994-11-01,MASA,357.3044774675225
Mazandaran,23.0,40759,36.54,53.0,Sari,1994-11-01,MASA,93.66903580664143
Mazandaran,16.7,40788,36.64,53.2,Sari (Dasht-E-Naz Airport),1994-11-01,MASA,80.93693233965382
Mazandaran,1855.4,40735,36.23,51.3,Siahbisheh,1994-11-01,MASA,245.72136379717335
Mazandaran,1805.0,99361,36.07,52.84,Alasht,1994-12-01,MASA,84.01405455737176
Mazandaran,23.7,99309,36.48,52.47,Amol,1994-12-01,MASA,152.95600535540643
Mazandaran,-21.0,40736,36.7,52.64,Babolsar,1994-12-01,MASA,124.97998418479028
Mazandaran,2120.0,99357,36.2,51.8,Baladeh,1994-12-01,MASA,61.638396402884155
Mazandaran,-20.0,99306,36.86,53.39,Bandar-E-Amirabad,1994-12-01,MASA,152.36808004050317
Mazandaran,-10.0,99299,36.74,53.84,Galugah,1994-12-01,MASA,110.03298701911035
Mazandaran,14.7,40737,36.49,52.11,Gharakhil,1994-12-01,MASA,186.35861220030847
Mazandaran,1294.3,40760,36.25,53.55,Kiyasar,1994-12-01,MASA,76.96206512122217
Mazandaran,1550.0,99348,36.39,51.73,Kojur,1994-12-01,MASA,90.8196234908587
Mazandaran,-20.9,40734,36.66,51.47,Nowshahr,1994-12-01,MASA,261.4545786586291
Mazandaran,610.0,99360,36.1,53.06,Polsefid,1994-12-01,MASA,77.03914882807794
Mazandaran,-20.0,40732,36.9,50.68,Ramsar,1994-12-01,MASA,239.9282866921908
Mazandaran,23.0,40759,36.54,53.0,Sari,1994-12-01,MASA,104.3822729793078
Mazandaran,16.7,40788,36.64,53.2,Sari (Dasht-E-Naz Airport),1994-12-01,MASA,116.34695174365106
Mazandaran,1855.4,40735,36.23,51.3,Siahbisheh,1994-12-01,MASA,65.64113142161432
Mazandaran,1805.0,99361,36.07,52.84,Alasht,1995-01-01,MASA,44.37970692026738
Mazandaran,23.7,99309,36.48,52.47,Amol,1995-01-01,MASA,69.99657625067357
Mazandaran,-21.0,40736,36.7,52.64,Babolsar,1995-01-01,MASA,30.426959932924547
Mazandaran,2120.0,99357,36.2,51.8,Baladeh,1995-01-01,MASA,18.679540098787584
Mazandaran,-20.0,99306,36.86,53.39,Bandar-E-Amirabad,1995-01-01,MASA,31.98143416750554
Mazandaran,-10.0,99299,36.74,53.84,Galugah,1995-01-01,MASA,38.98654455053929
Mazandaran,14.7,40737,36.49,52.11,Gharakhil,1995-01-01,MASA,76.74121433603887
Mazandaran,1294.3,40760,36.25,53.55,Kiyasar,1995-01-01,MASA,25.36001378405217
Mazandaran,1550.0,99348,36.39,51.73,Kojur,1995-01-01,MASA,23.789192975641527
Mazandaran,-20.9,40734,36.66,51.47,Nowshahr,1995-01-01,MASA,104.71108132708196
Mazandaran,610.0,99360,36.1,53.06,Polsefid,1995-01-01,MASA,36.17764586317662
Mazandaran,-20.0,40732,36.9,50.68,Ramsar,1995-01-01,MASA,132.50155323851232
Mazandaran,23.0,40759,36.54,53.0,Sari,1995-01-01,MASA,43.68465715754155
Mazandaran,16.7,40788,36.64,53.2,Sari (Dasht-E-Naz Airport),1995-01-01,MASA,32.31337243425969
Mazandaran,1855.4,40735,36.23,51.3,Siahbisheh,1995-01-01,MASA,31.030501664758958
Mazandaran,1805.0,99361,36.07,52.84,Alasht,1995-02-01,MASA,73.78405707743596
Mazandaran,23.7,99309,36.48,52.47,Amol,1995-02-01,MASA,66.99285286333989
Mazandaran,-21.0,40736,36.7,52.64,Babolsar,1995-02-01,MASA,35.97633915808629
Mazandaran,2120.0,99357,36.2,51.8,Baladeh,1995-02-01,MASA,52.330259260205736
Mazandaran,-20.0,99306,36.86,53.39,Bandar-E-Amirabad,1995-02-01,MASA,42.12381320860814
Mazandaran,-10.0,99299,36.74,53.84,Galugah,1995-02-01,MASA,54.63049190905522
Mazandaran,14.7,40737,36.49,52.11,Gharakhil,1995-02-01,MASA,90.3181918230338
Mazandaran,1294.3,40760,36.25,53.55,Kiyasar,1995-02-01,MASA,54.295349892644396
Mazandaran,1550.0,99348,36.39,51.73,Kojur,1995-02-01,MASA,65.47582524683904
Mazandaran,-20.9,40734,36.66,51.47,Nowshahr,1995-02-01,MASA,105.24182396796178
Mazandaran,610.0,99360,36.1,53.06,Polsefid,1995-02-01,MASA,70.8440877762122
Mazandaran,-20.0,40732,36.9,50.68,Ramsar,1995-02-01,MASA,120.1207973327918
Mazandaran,23.0,40759,36.54,53.0,Sari,1995-02-01,MASA,46.6533489790244
Mazandaran,16.7,40788,36.64,53.2,Sari (Dasht-E-Naz Airport),1995-02-01,MASA,44.44830494788121
Mazandaran,1855.4,40735,36.23,51.3,Siahbisheh,1995-02-01,MASA,67.54404681590032
Mazandaran,1805.0,99361,36.07,52.84,Alasht,1995-03-01,MASA,89.6136176546456
Mazandaran,23.7,99309,36.48,52.47,Amol,1995-03-01,MASA,88.30006539424673
Mazandaran,-21.0,40736,36.7,52.64,Babolsar,1995-03-01,MASA,37.37777590354696
Mazandaran,2120.0,99357,36.2,51.8,Baladeh,1995-03-01,MASA,53.84665846427694
Mazandaran,-20.0,99306,36.86,53.39,Bandar-E-Amirabad,1995-03-01,MASA,58.50851654609457
Mazandaran,-10.0,99299,36.74,53.84,Galugah,1995-03-01,MASA,62.189550395810755
Mazandaran,14.7,40737,36.49,52.11,Gharakhil,1995-03-01,MASA,107.75488733848348
Mazandaran,1294.3,40760,36.25,53.55,Kiyasar,1995-03-01,MASA,57.83756196101919
Mazandaran,1550.0,99348,36.39,51.73,Kojur,1995-03-01,MASA,71.06310247977987
Mazandaran,-20.9,40734,36.66,51.47,Nowshahr,1995-03-01,MASA,77.21375047763601
Mazandaran,610.0,99360,36.1,53.06,Polsefid,1995-03-01,MASA,76.67999088367239
Mazandaran,-20.0,40732,36.9,50.68,Ramsar,1995-03-01,MASA,64.20682489475027
Mazandaran,23.0,40759,36.54,53.0,Sari,1995-03-01,MASA,58.10524642070547
Mazandaran,16.7,40788,36.64,53.2,Sari (Dasht-E-Naz Airport),1995-03-01,MASA,47.4727016647698
Mazandaran,1855.4,40735,36.23,51.3,Siahbisheh,1995-03-01,MASA,60.62704443534628
Mazandaran,1805.0,99361,36.07,52.84,Alasht,1995-04-01,MASA,145.63876843633494
Mazandaran,23.7,99309,36.48,52.47,Amol,1995-04-01,MASA,79.44366789045176
Mazandaran,-21.0,40736,36.7,52.64,Babolsar,1995-04-01,MASA,40.40268516721568
Mazandaran,2120.0,99357,36.2,51.8,Baladeh,1995-04-01,MASA,102.67445898237071
Mazandaran,-20.0,99306,36.86,53.39,Bandar-E-Amirabad,1995-04-01,MASA,67.05810582818827
Mazandaran,-10.0,99299,36.74,53.84,Galugah,1995-04-01,MASA,118.73166716279826
Mazandaran,14.7,40737,36.49,52.11,Gharakhil,1995-04-01,MASA,133.59187996568522
Mazandaran,1294.3,40760,36.25,53.55,Kiyasar,1995-04-01,MASA,126.23325443448863
Mazandaran,1550.0,99348,36.39,51.73,Kojur,1995-04-01,MASA,138.6513159293159
Mazandaran,-20.9,40734,36.66,51.47,Nowshahr,1995-04-01,MASA,80.51951682748637
Mazandaran,610.0,99360,36.1,53.06,Polsefid,1995-04-01,MASA,139.96462977113566
Mazandaran,-20.0,40732,36.9,50.68,Ramsar,1995-04-01,MASA,76.0360107439979
Mazandaran,23.0,40759,36.54,53.0,Sari,1995-04-01,MASA,67.11015558423838
Mazandaran,16.7,40788,36.64,53.2,Sari (Dasht-E-Naz Airport),1995-04-01,MASA,63.48349607171855
Mazandaran,1855.4,40735,36.23,51.3,Siahbisheh,1995-04-01,MASA,110.76760745229564
Mazandaran,1805.0,99361,36.07,52.84,Alasht,1995-05-01,MASA,135.62039501395162
Mazandaran,23.7,99309,36.48,52.47,Amol,1995-05-01,MASA,40.08979565825399
Mazandaran,-21.0,40736,36.7,52.64,Babolsar,1995-05-01,MASA,10.671804020070397
Mazandaran,2120.0,99357,36.2,51.8,Baladeh,1995-05-01,MASA,177.70038015570577
Mazandaran,-20.0,99306,36.86,53.39,Bandar-E-Amirabad,1995-05-01,MASA,20.436296531819664
Mazandaran,-10.0,99299,36.74,53.84,Galugah,1995-05-01,MASA,49.86832506384786
Mazandaran,14.7,40737,36.49,52.11,Gharakhil,1995-05-01,MASA,122.6601696702474
Mazandaran,1294.3,40760,36.25,53.55,Kiyasar,1995-05-01,MASA,53.52507002081808
Mazandaran,1550.0,99348,36.39,51.73,Kojur,1995-05-01,MASA,182.86692566599783
Mazandaran,-20.9,40734,36.66,51.47,Nowshahr,1995-05-01,MASA,34.680376121663414
Mazandaran,610.0,99360,36.1,53.06,Polsefid,1995-05-01,MASA,104.35899562563833
Mazandaran,-20.0,40732,36.9,50.68,Ramsar,1995-05-01,MASA,72.16892606940206
Mazandaran,23.0,40759,36.54,53.0,Sari,1995-05-01,MASA,26.25297970499929
Mazandaran,16.7,40788,36.64,53.2,Sari (Dasht-E-Naz Airport),1995-05-01,MASA,28.99673051562246
Mazandaran,1855.4,40735,36.23,51.3,Siahbisheh,1995-05-01,MASA,171.84984154429372
Mazandaran,1805.0,99361,36.07,52.84,Alasht,1995-06-01,MASA,202.539378459079
Mazandaran,23.7,99309,36.48,52.47,Amol,1995-06-01,MASA,62.24990790568086
Mazandaran,-21.0,40736,36.7,52.64,Babolsar,1995-06-01,MASA,21.469944769961558
Mazandaran,2120.0,99357,36.2,51.8,Baladeh,1995-06-01,MASA,198.6311615058014
Mazandaran,-20.0,99306,36.86,53.39,Bandar-E-Amirabad,1995-06-01,MASA,26.647979075534067
Mazandaran,-10.0,99299,36.74,53.84,Galugah,1995-06-01,MASA,104.50191205225678
Mazandaran,14.7,40737,36.49,52.11,Gharakhil,1995-06-01,MASA,207.2436601468155
Mazandaran,1294.3,40760,36.25,53.55,Kiyasar,1995-06-01,MASA,120.12972837172242
Mazandaran,1550.0,99348,36.39,51.73,Kojur,1995-06-01,MASA,306.26482670984956
Mazandaran,-20.9,40734,36.66,51.47,Nowshahr,1995-06-01,MASA,81.3445985861847
Mazandaran,610.0,99360,36.1,53.06,Polsefid,1995-06-01,MASA,154.53192001066896
Mazandaran,-20.0,40732,36.9,50.68,Ramsar,1995-06-01,MASA,104.15230100832673
Mazandaran,23.0,40759,36.54,53.0,Sari,1995-06-01,MASA,59.90960603438111
Mazandaran,16.7,40788,36.64,53.2,Sari (Dasht-E-Naz Airport),1995-06-01,MASA,59.31706135950776
Mazandaran,1855.4,40735,36.23,51.3,Siahbisheh,1995-06-01,MASA,146.0026145526001
Mazandaran,1805.0,99361,36.07,52.84,Alasht,1995-07-01,MASA,81.00672159665834
Mazandaran,23.7,99309,36.48,52.47,Amol,1995-07-01,MASA,64.31387458318483
Mazandaran,-21.0,40736,36.7,52.64,Babolsar,1995-07-01,MASA,15.409992079675305
Mazandaran,2120.0,99357,36.2,51.8,Baladeh,1995-07-01,MASA,106.02822993272554
Mazandaran,-20.0,99306,36.86,53.39,Bandar-E-Amirabad,1995-07-01,MASA,16.051591377198804
Mazandaran,-10.0,99299,36.74,53.84,Galugah,1995-07-01,MASA,49.57474861615907
Mazandaran,14.7,40737,36.49,52.11,Gharakhil,1995-07-01,MASA,114.95354865068208
Mazandaran,1294.3,40760,36.25,53.55,Kiyasar,1995-07-01,MASA,54.51434944146882
Mazandaran,1550.0,99348,36.39,51.73,Kojur,1995-07-01,MASA,175.1569369840027
Mazandaran,-20.9,40734,36.66,51.47,Nowshahr,1995-07-01,MASA,68.33018455976259
Mazandaran,610.0,99360,36.1,53.06,Polsefid,1995-07-01,MASA,64.71353862756501
Mazandaran,-20.0,40732,36.9,50.68,Ramsar,1995-07-01,MASA,81.38641808503877
Mazandaran,23.0,40759,36.54,53.0,Sari,1995-07-01,MASA,52.55755875581514
Mazandaran,16.7,40788,36.64,53.2,Sari (Dasht-E-Naz Airport),1995-07-01,MASA,34.44749210351716
Mazandaran,1855.4,40735,36.23,51.3,Siahbisheh,1995-07-01,MASA,79.58316896432649
Mazandaran,1805.0,99361,36.07,52.84,Alasht,1995-08-01,MASA,78.28371924508204
Mazandaran,23.7,99309,36.48,52.47,Amol,1995-08-01,MASA,82.1379790936767
Mazandaran,-21.0,40736,36.7,52.64,Babolsar,1995-08-01,MASA,23.598648134356637
Mazandaran,2120.0,99357,36.2,51.8,Baladeh,1995-08-01,MASA,80.6518266831695
Mazandaran,-20.0,99306,36.86,53.39,Bandar-E-Amirabad,1995-08-01,MASA,18.801025572901864
Mazandaran,-10.0,99299,36.74,53.84,Galugah,1995-08-01,MASA,71.78730470288386
Mazandaran,14.7,40737,36.49,52.11,Gharakhil,1995-08-01,MASA,124.89064735520472
Mazandaran,1294.3,40760,36.25,53.55,Kiyasar,1995-08-01,MASA,81.43929344761958
Mazandaran,1550.0,99348,36.39,51.73,Kojur,1995-08-01,MASA,185.77120405781855
Mazandaran,-20.9,40734,36.66,51.47,Nowshahr,1995-08-01,MASA,110.00526649106135
Mazandaran,610.0,99360,36.1,53.06,Polsefid,1995-08-01,MASA,69.6369330321609
Mazandaran,-20.0,40732,36.9,50.68,Ramsar,1995-08-01,MASA,122.29562503445734
Mazandaran,23.0,40759,36.54,53.0,Sari,1995-08-01,MASA,76.15641457188715
Mazandaran,16.7,40788,36.64,53.2,Sari (Dasht-E-Naz Airport),1995-08-01,MASA,52.001557770854134
Mazandaran,1855.4,40735,36.23,51.3,Siahbisheh,1995-08-01,MASA,52.053726736193795
Mazandaran,1805.0,99361,36.07,52.84,Alasht,1995-09-01,MASA,303.6164203304601
Mazandaran,23.7,99309,36.48,52.47,Amol,1995-09-01,MASA,202.9708781856847
Mazandaran,-21.0,40736,36.7,52.64,Babolsar,1995-09-01,MASA,132.4757644552541
Mazandaran,2120.0,99357,36.2,51.8,Baladeh,1995-09-01,MASA,145.88789731448415
Mazandaran,-20.0,99306,36.86,53.39,Bandar-E-Amirabad,1995-09-01,MASA,141.82953626101735
Mazandaran,-10.0,99299,36.74,53.84,Galugah,1995-09-01,MASA,189.79787916129354
Mazandaran,14.7,40737,36.49,52.11,Gharakhil,1995-09-01,MASA,360.72142511790514
Mazandaran,1294.3,40760,36.25,53.55,Kiyasar,1995-09-01,MASA,142.68423706477407
Mazandaran,1550.0,99348,36.39,51.73,Kojur,1995-09-01,MASA,288.65899235194445
Mazandaran,-20.9,40734,36.66,51.47,Nowshahr,1995-09-01,MASA,347.7014610189748
Mazandaran,610.0,99360,36.1,53.06,Polsefid,1995-09-01,MASA,254.32163566535237
Mazandaran,-20.0,40732,36.9,50.68,Ramsar,1995-09-01,MASA,313.85344356482744
Mazandaran,23.0,40759,36.54,53.0,Sari,1995-09-01,MASA,201.85525804942372
Mazandaran,16.7,40788,36.64,53.2,Sari (Dasht-E-Naz Airport),1995-09-01,MASA,188.28193932955983
Mazandaran,1855.4,40735,36.23,51.3,Siahbisheh,1995-09-01,MASA,103.65212053244832
Mazandaran,1805.0,99361,36.07,52.84,Alasht,1995-10-01,MASA,159.8847481469612
Mazandaran,23.7,99309,36.48,52.47,Amol,1995-10-01,MASA,158.34857253832624
Mazandaran,-21.0,40736,36.7,52.64,Babolsar,1995-10-01,MASA,115.14238743586347
Mazandaran,2120.0,99357,36.2,51.8,Baladeh,1995-10-01,MASA,128.32455067438886
Mazandaran,-20.0,99306,36.86,53.39,Bandar-E-Amirabad,1995-10-01,MASA,110.9454157809715
Mazandaran,-10.0,99299,36.74,53.84,Galugah,1995-10-01,MASA,116.87516896529004
Mazandaran,14.7,40737,36.49,52.11,Gharakhil,1995-10-01,MASA,287.33457355303574
Mazandaran,1294.3,40760,36.25,53.55,Kiyasar,1995-10-01,MASA,87.41746573252485
Mazandaran,1550.0,99348,36.39,51.73,Kojur,1995-10-01,MASA,257.33677773279953
Mazandaran,-20.9,40734,36.66,51.47,Nowshahr,1995-10-01,MASA,342.15812115473557
Mazandaran,610.0,99360,36.1,53.06,Polsefid,1995-10-01,MASA,119.46002869410322
Mazandaran,-20.0,40732,36.9,50.68,Ramsar,1995-10-01,MASA,413.4071442346077
Mazandaran,23.0,40759,36.54,53.0,Sari,1995-10-01,MASA,127.22667782110975
Mazandaran,16.7,40788,36.64,53.2,Sari (Dasht-E-Naz Airport),1995-10-01,MASA,108.86181621355817
Mazandaran,1855.4,40735,36.23,51.3,Siahbisheh,1995-10-01,MASA,93.1430134038429
Mazandaran,1805.0,99361,36.07,52.84,Alasht,1995-11-01,MASA,60.82907636497481
Mazandaran,23.7,99309,36.48,52.47,Amol,1995-11-01,MASA,66.09210689399703
Mazandaran,-21.0,40736,36.7,52.64,Babolsar,1995-11-01,MASA,55.71508725021346
Mazandaran,2120.0,99357,36.2,51.8,Baladeh,1995-11-01,MASA,40.02909679744704
Mazandaran,-20.0,99306,36.86,53.39,Bandar-E-Amirabad,1995-11-01,MASA,87.96517868373854
Mazandaran,-10.0,99299,36.74,53.84,Galugah,1995-11-01,MASA,87.44013626907332
Mazandaran,14.7,40737,36.49,52.11,Gharakhil,1995-11-01,MASA,109.18139238689406
Mazandaran,1294.3,40760,36.25,53.55,Kiyasar,1995-11-01,MASA,63.474717930297686
Mazandaran,1550.0,99348,36.39,51.73,Kojur,1995-11-01,MASA,51.3831855807112
Mazandaran,-20.9,40734,36.66,51.47,Nowshahr,1995-11-01,MASA,77.69045551155074
Mazandaran,610.0,99360,36.1,53.06,Polsefid,1995-11-01,MASA,61.85843367908461
Mazandaran,-20.0,40732,36.9,50.68,Ramsar,1995-11-01,MASA,110.33107657764418
Mazandaran,23.0,40759,36.54,53.0,Sari,1995-11-01,MASA,59.756177857856585
Mazandaran,16.7,40788,36.64,53.2,Sari (Dasht-E-Naz Airport),1995-11-01,MASA,65.28836806152327
Mazandaran,1855.4,40735,36.23,51.3,Siahbisheh,1995-11-01,MASA,34.516173795204
Mazandaran,1805.0,99361,36.07,52.84,Alasht,1995-12-01,MASA,53.14425697445557
Mazandaran,23.7,99309,36.48,52.47,Amol,1995-12-01,MASA,112.58336475014374
Mazandaran,-21.0,40736,36.7,52.64,Babolsar,1995-12-01,MASA,90.02406468510316
Mazandaran,2120.0,99357,36.2,51.8,Baladeh,1995-12-01,MASA,31.42262568592713
Mazandaran,-20.0,99306,36.86,53.39,Bandar-E-Amirabad,1995-12-01,MASA,80.74470927834199
Mazandaran,-10.0,99299,36.74,53.84,Galugah,1995-12-01,MASA,58.220099116560675
Mazandaran,14.7,40737,36.49,52.11,Gharakhil,1995-12-01,MASA,145.65591087460206
Mazandaran,1294.3,40760,36.25,53.55,Kiyasar,1995-12-01,MASA,40.73884656548188
Mazandaran,1550.0,99348,36.39,51.73,Kojur,1995-12-01,MASA,60.48070957779572
Mazandaran,-20.9,40734,36.66,51.47,Nowshahr,1995-12-01,MASA,224.54079558968232
Mazandaran,610.0,99360,36.1,53.06,Polsefid,1995-12-01,MASA,48.451687599417426
Mazandaran,-20.0,40732,36.9,50.68,Ramsar,1995-12-01,MASA,267.0952039015262
Mazandaran,23.0,40759,36.54,53.0,Sari,1995-12-01,MASA,76.67152156948731
Mazandaran,16.7,40788,36.64,53.2,Sari (Dasht-E-Naz Airport),1995-12-01,MASA,71.24816944718049
Mazandaran,1855.4,40735,36.23,51.3,Siahbisheh,1995-12-01,MASA,26.013221050497748
Mazandaran,1805.0,99361,36.07,52.84,Alasht,1996-01-01,MASA,46.11592382203611
Mazandaran,23.7,99309,36.48,52.47,Amol,1996-01-01,MASA,82.6636442543176
Mazandaran,-21.0,40736,36.7,52.64,Babolsar,1996-01-01,MASA,48.224095404258094
Mazandaran,2120.0,99357,36.2,51.8,Baladeh,1996-01-01,MASA,44.34416085492643
Mazandaran,-20.0,99306,36.86,53.39,Bandar-E-Amirabad,1996-01-01,MASA,61.77948802720579
Mazandaran,-10.0,99299,36.74,53.84,Galugah,1996-01-01,MASA,54.785538613906226
Mazandaran,14.7,40737,36.49,52.11,Gharakhil,1996-01-01,MASA,100.32876223336729
Mazandaran,1294.3,40760,36.25,53.55,Kiyasar,1996-01-01,MASA,48.05237442266019
Mazandaran,1550.0,99348,36.39,51.73,Kojur,1996-01-01,MASA,53.20960670720609
Mazandaran,-20.9,40734,36.66,51.47,Nowshahr,1996-01-01,MASA,192.21969336282285
Mazandaran,610.0,99360,36.1,53.06,Polsefid,1996-01-01,MASA,43.16531509171995
Mazandaran,-20.0,40732,36.9,50.68,Ramsar,1996-01-01,MASA,249.21340137731107
Mazandaran,23.0,40759,36.54,53.0,Sari,1996-01-01,MASA,55.00211209069761
Mazandaran,16.7,40788,36.64,53.2,Sari (Dasht-E-Naz Airport),1996-01-01,MASA,51.33578568707975
Mazandaran,1855.4,40735,36.23,51.3,Siahbisheh,1996-01-01,MASA,54.013300836196265
Mazandaran,1805.0,99361,36.07,52.84,Alasht,1996-02-01,MASA,101.54952920436244
Mazandaran,23.7,99309,36.48,52.47,Amol,1996-02-01,MASA,114.74599755763393
Mazandaran,-21.0,40736,36.7,52.64,Babolsar,1996-02-01,MASA,77.21977747439723
Mazandaran,2120.0,99357,36.2,51.8,Baladeh,1996-02-01,MASA,106.40899158477168
Mazandaran,-20.0,99306,36.86,53.39,Bandar-E-Amirabad,1996-02-01,MASA,70.65974987506252
Mazandaran,-10.0,99299,36.74,53.84,Galugah,1996-02-01,MASA,86.11389316081386
Mazandaran,14.7,40737,36.49,52.11,Gharakhil,1996-02-01,MASA,135.70370591639858
Mazandaran,1294.3,40760,36.25,53.55,Kiyasar,1996-02-01,MASA,93.60984779357295
Mazandaran,1550.0,99348,36.39,51.73,Kojur,1996-02-01,MASA,103.21984506606441
Mazandaran,-20.9,40734,36.66,51.47,Nowshahr,1996-02-01,MASA,182.90869213103633
Mazandaran,610.0,99360,36.1,53.06,Polsefid,1996-02-01,MASA,99.00520063399654
Mazandaran,-20.0,40732,36.9,50.68,Ramsar,1996-02-01,MASA,220.6420681571899
Mazandaran,23.0,40759,36.54,53.0,Sari,1996-02-01,MASA,98.14564205169063
Mazandaran,16.7,40788,36.64,53.2,Sari (Dasht-E-Naz Airport),1996-02-01,MASA,87.23000503539424
Mazandaran,1855.4,40735,36.23,51.3,Siahbisheh,1996-02-01,MASA,116.81456185340267
Mazandaran,1805.0,99361,36.07,52.84,Alasht,1996-03-01,MASA,112.24005317263064
Mazandaran,23.7,99309,36.48,52.47,Amol,1996-03-01,MASA,110.10377800039706
Mazandaran,-21.0,40736,36.7,52.64,Babolsar,1996-03-01,MASA,67.2063747601932
Mazandaran,2120.0,99357,36.2,51.8,Baladeh,1996-03-01,MASA,97.24952971510348
Mazandaran,-20.0,99306,36.86,53.39,Bandar-E-Amirabad,1996-03-01,MASA,94.25160979799685
Mazandaran,-10.0,99299,36.74,53.84,Galugah,1996-03-01,MASA,104.92738282255587
Mazandaran,14.7,40737,36.49,52.11,Gharakhil,1996-03-01,MASA,124.67829083971438
Mazandaran,1294.3,40760,36.25,53.55,Kiyasar,1996-03-01,MASA,115.0613198237842
Mazandaran,1550.0,99348,36.39,51.73,Kojur,1996-03-01,MASA,89.9029741244739
Mazandaran,-20.9,40734,36.66,51.47,Nowshahr,1996-03-01,MASA,126.90218483976778
Mazandaran,610.0,99360,36.1,53.06,Polsefid,1996-03-01,MASA,112.43746375612673
Mazandaran,-20.0,40732,36.9,50.68,Ramsar,1996-03-01,MASA,123.37402200273928
Mazandaran,23.0,40759,36.54,53.0,Sari,1996-03-01,MASA,105.66786622576174
Mazandaran,16.7,40788,36.64,53.2,Sari (Dasht-E-Naz Airport),1996-03-01,MASA,98.86876439623293
Mazandaran,1855.4,40735,36.23,51.3,Siahbisheh,1996-03-01,MASA,125.44009780458865
Mazandaran,1805.0,99361,36.07,52.84,Alasht,1996-04-01,MASA,123.09749073261855
Mazandaran,23.7,99309,36.48,52.47,Amol,1996-04-01,MASA,113.0992437052214
Mazandaran,-21.0,40736,36.7,52.64,Babolsar,1996-04-01,MASA,55.08757776493667
Mazandaran,2120.0,99357,36.2,51.8,Baladeh,1996-04-01,MASA,126.16890317673324
Mazandaran,-20.0,99306,36.86,53.39,Bandar-E-Amirabad,1996-04-01,MASA,62.46541089291213
Mazandaran,-10.0,99299,36.74,53.84,Galugah,1996-04-01,MASA,103.63852626556991
Mazandaran,14.7,40737,36.49,52.11,Gharakhil,1996-04-01,MASA,147.9059869694197
Mazandaran,1294.3,40760,36.25,53.55,Kiyasar,1996-04-01,MASA,90.56023902172683
Mazandaran,1550.0,99348,36.39,51.73,Kojur,1996-04-01,MASA,136.856954758116
Mazandaran,-20.9,40734,36.66,51.47,Nowshahr,1996-04-01,MASA,128.6218131231749
Mazandaran,610.0,99360,36.1,53.06,Polsefid,1996-04-01,MASA,110.65090841526626
Mazandaran,-20.0,40732,36.9,50.68,Ramsar,1996-04-01,MASA,141.0497242855513
Mazandaran,23.0,40759,36.54,53.0,Sari,1996-04-01,MASA,89.9407381462538
Mazandaran,16.7,40788,36.64,53.2,Sari (Dasht-E-Naz Airport),1996-04-01,MASA,79.3395305323088
Mazandaran,1855.4,40735,36.23,51.3,Siahbisheh,1996-04-01,MASA,194.11486036057113
Mazandaran,1805.0,99361,36.07,52.84,Alasht,1996-05-01,MASA,238.62104686708108
Mazandaran,23.7,99309,36.48,52.47,Amol,1996-05-01,MASA,76.14784511537209
Mazandaran,-21.0,40736,36.7,52.64,Babolsar,1996-05-01,MASA,22.936185922333152
Mazandaran,2120.0,99357,36.2,51.8,Baladeh,1996-05-01,MASA,140.0780585667576
Mazandaran,-20.0,99306,36.86,53.39,Bandar-E-Amirabad,1996-05-01,MASA,42.49944361657754
Mazandaran,-10.0,99299,36.74,53.84,Galugah,1996-05-01,MASA,118.07628544778481
Mazandaran,14.7,40737,36.49,52.11,Gharakhil,1996-05-01,MASA,171.6174838206257
Mazandaran,1294.3,40760,36.25,53.55,Kiyasar,1996-05-01,MASA,142.57063540429726
Mazandaran,1550.0,99348,36.39,51.73,Kojur,1996-05-01,MASA,157.6033738514866
Mazandaran,-20.9,40734,36.66,51.47,Nowshahr,1996-05-01,MASA,105.121856655785
Mazandaran,610.0,99360,36.1,53.06,Polsefid,1996-05-01,MASA,226.0714826247181
Mazandaran,-20.0,40732,36.9,50.68,Ramsar,1996-05-01,MASA,98.8531318566288
Mazandaran,23.0,40759,36.54,53.0,Sari,1996-05-01,MASA,88.5939207932438
Mazandaran,16.7,40788,36.64,53.2,Sari (Dasht-E-Naz Airport),1996-05-01,MASA,77.79206904382363
Mazandaran,1855.4,40735,36.23,51.3,Siahbisheh,1996-05-01,MASA,116.85686382264748
Mazandaran,1805.0,99361,36.07,52.84,Alasht,1996-06-01,MASA,115.22859577931754
Mazandaran,23.7,99309,36.48,52.47,Amol,1996-06-01,MASA,124.24417083062522
Mazandaran,-21.0,40736,36.7,52.64,Babolsar,1996-06-01,MASA,66.85409192838065
Mazandaran,2120.0,99357,36.2,51.8,Baladeh,1996-06-01,MASA,169.30766646661155
Mazandaran,-20.0,99306,36.86,53.39,Bandar-E-Amirabad,1996-06-01,MASA,50.578656242269204
Mazandaran,-10.0,99299,36.74,53.84,Galugah,1996-06-01,MASA,89.80553095139854
Mazandaran,14.7,40737,36.49,52.11,Gharakhil,1996-06-01,MASA,271.0393393496453
Mazandaran,1294.3,40760,36.25,53.55,Kiyasar,1996-06-01,MASA,103.63148395814292
Mazandaran,1550.0,99348,36.39,51.73,Kojur,1996-06-01,MASA,244.30127684869163
Mazandaran,-20.9,40734,36.66,51.47,Nowshahr,1996-06-01,MASA,194.53624133862846
Mazandaran,610.0,99360,36.1,53.06,Polsefid,1996-06-01,MASA,108.97535328664176
Mazandaran,-20.0,40732,36.9,50.68,Ramsar,1996-06-01,MASA,201.9696110943734
Mazandaran,23.0,40759,36.54,53.0,Sari,1996-06-01,MASA,105.04776482381217
Mazandaran,16.7,40788,36.64,53.2,Sari (Dasht-E-Naz Airport),1996-06-01,MASA,82.94368033208244
Mazandaran,1855.4,40735,36.23,51.3,Siahbisheh,1996-06-01,MASA,159.72595159806602
Mazandaran,1805.0,99361,36.07,52.84,Alasht,1996-07-01,MASA,22.797352084715783
Mazandaran,23.7,99309,36.48,52.47,Amol,1996-07-01,MASA,35.73388458212179
Mazandaran,-21.0,40736,36.7,52.64,Babolsar,1996-07-01,MASA,12.410646686156213
Mazandaran,2120.0,99357,36.2,51.8,Baladeh,1996-07-01,MASA,90.58936537226003
Mazandaran,-20.0,99306,36.86,53.39,Bandar-E-Amirabad,1996-07-01,MASA,5.032023796637475
Mazandaran,-10.0,99299,36.74,53.84,Galugah,1996-07-01,MASA,14.13038969953817
Mazandaran,14.7,40737,36.49,52.11,Gharakhil,1996-07-01,MASA,75.8790135474996
Mazandaran,1294.3,40760,36.25,53.55,Kiyasar,1996-07-01,MASA,34.82343853433889
Mazandaran,1550.0,99348,36.39,51.73,Kojur,1996-07-01,MASA,110.72029770334524
Mazandaran,-20.9,40734,36.66,51.47,Nowshahr,1996-07-01,MASA,78.16619277914327
Mazandaran,610.0,99360,36.1,53.06,Polsefid,1996-07-01,MASA,16.720926770766198
Mazandaran,-20.0,40732,36.9,50.68,Ramsar,1996-07-01,MASA,55.19767702539724
Mazandaran,23.0,40759,36.54,53.0,Sari,1996-07-01,MASA,35.38391591032308
Mazandaran,16.7,40788,36.64,53.2,Sari (Dasht-E-Naz Airport),1996-07-01,MASA,24.499884256918847
Mazandaran,1855.4,40735,36.23,51.3,Siahbisheh,1996-07-01,MASA,115.66024125536245
Mazandaran,1805.0,99361,36.07,52.84,Alasht,1996-08-01,MASA,117.0324108829206
Mazandaran,23.7,99309,36.48,52.47,Amol,1996-08-01,MASA,91.31461598774848
Mazandaran,-21.0,40736,36.7,52.64,Babolsar,1996-08-01,MASA,24.799319290131905
Mazandaran,2120.0,99357,36.2,51.8,Baladeh,1996-08-01,MASA,107.01540329358039
Mazandaran,-20.0,99306,36.86,53.39,Bandar-E-Amirabad,1996-08-01,MASA,19.23476376435218
Mazandaran,-10.0,99299,36.74,53.84,Galugah,1996-08-01,MASA,42.46089079281745
Mazandaran,14.7,40737,36.49,52.11,Gharakhil,1996-08-01,MASA,153.64809551140723
Mazandaran,1294.3,40760,36.25,53.55,Kiyasar,1996-08-01,MASA,70.0927547445005
Mazandaran,1550.0,99348,36.39,51.73,Kojur,1996-08-01,MASA,174.23886277577338
Mazandaran,-20.9,40734,36.66,51.47,Nowshahr,1996-08-01,MASA,113.33573081395087
Mazandaran,610.0,99360,36.1,53.06,Polsefid,1996-08-01,MASA,83.92490663430152
Mazandaran,-20.0,40732,36.9,50.68,Ramsar,1996-08-01,MASA,90.34975089928565
Mazandaran,23.0,40759,36.54,53.0,Sari,1996-08-01,MASA,67.87662424942909
Mazandaran,16.7,40788,36.64,53.2,Sari (Dasht-E-Naz Airport),1996-08-01,MASA,42.7128992309278
Mazandaran,1855.4,40735,36.23,51.3,Siahbisheh,1996-08-01,MASA,97.3071626653379
Mazandaran,1805.0,99361,36.07,52.84,Alasht,1996-09-01,MASA,155.83427697468366
Mazandaran,23.7,99309,36.48,52.47,Amol,1996-09-01,MASA,168.9831659202632
Mazandaran,-21.0,40736,36.7,52.64,Babolsar,1996-09-01,MASA,101.89056843567457
Mazandaran,2120.0,99357,36.2,51.8,Baladeh,1996-09-01,MASA,112.45339065838422
Mazandaran,-20.0,99306,36.86,53.39,Bandar-E-Amirabad,1996-09-01,MASA,98.81616085815992
Mazandaran,-10.0,99299,36.74,53.84,Galugah,1996-09-01,MASA,110.25743633556928
Mazandaran,14.7,40737,36.49,52.11,Gharakhil,1996-09-01,MASA,290.5326083307323
Mazandaran,1294.3,40760,36.25,53.55,Kiyasar,1996-09-01,MASA,83.35927575874891
Mazandaran,1550.0,99348,36.39,51.73,Kojur,1996-09-01,MASA,255.74930459309186
Mazandaran,-20.9,40734,36.66,51.47,Nowshahr,1996-09-01,MASA,226.30742639351453
Mazandaran,610.0,99360,36.1,53.06,Polsefid,1996-09-01,MASA,126.50807648945417
Mazandaran,-20.0,40732,36.9,50.68,Ramsar,1996-09-01,MASA,215.52136987495984
Mazandaran,23.0,40759,36.54,53.0,Sari,1996-09-01,MASA,151.44153386402692
Mazandaran,16.7,40788,36.64,53.2,Sari (Dasht-E-Naz Airport),1996-09-01,MASA,130.7535961275157
Mazandaran,1855.4,40735,36.23,51.3,Siahbisheh,1996-09-01,MASA,58.877666295057196
Mazandaran,1805.0,99361,36.07,52.84,Alasht,1996-10-01,MASA,211.13406550484015
Mazandaran,23.7,99309,36.48,52.47,Amol,1996-10-01,MASA,142.98689794140174
Mazandaran,-21.0,40736,36.7,52.64,Babolsar,1996-10-01,MASA,113.3250935037644
Mazandaran,2120.0,99357,36.2,51.8,Baladeh,1996-10-01,MASA,96.64744567470862
Mazandaran,-20.0,99306,36.86,53.39,Bandar-E-Amirabad,1996-10-01,MASA,121.99324798183753
Mazandaran,-10.0,99299,36.74,53.84,Galugah,1996-10-01,MASA,170.86027991371466
Mazandaran,14.7,40737,36.49,52.11,Gharakhil,1996-10-01,MASA,244.22328602867438
Mazandaran,1294.3,40760,36.25,53.55,Kiyasar,1996-10-01,MASA,135.90871226387335
Mazandaran,1550.0,99348,36.39,51.73,Kojur,1996-10-01,MASA,180.3213400800736
Mazandaran,-20.9,40734,36.66,51.47,Nowshahr,1996-10-01,MASA,264.744598980716
Mazandaran,610.0,99360,36.1,53.06,Polsefid,1996-10-01,MASA,184.55499839382483
Mazandaran,-20.0,40732,36.9,50.68,Ramsar,1996-10-01,MASA,325.8286161382706
Mazandaran,23.0,40759,36.54,53.0,Sari,1996-10-01,MASA,121.613313074878
Mazandaran,16.7,40788,36.64,53.2,Sari (Dasht-E-Naz Airport),1996-10-01,MASA,121.29851114349677
Mazandaran,1855.4,40735,36.23,51.3,Siahbisheh,1996-10-01,MASA,63.321535106471316
Mazandaran,1805.0,99361,36.07,52.84,Alasht,1996-11-01,MASA,94.43141005611722
Mazandaran,23.7,99309,36.48,52.47,Amol,1996-11-01,MASA,101.92250691032712
Mazandaran,-21.0,40736,36.7,52.64,Babolsar,1996-11-01,MASA,94.17780719375912
Mazandaran,2120.0,99357,36.2,51.8,Baladeh,1996-11-01,MASA,50.69241903400723
Mazandaran,-20.0,99306,36.86,53.39,Bandar-E-Amirabad,1996-11-01,MASA,113.54644082165066
Mazandaran,-10.0,99299,36.74,53.84,Galugah,1996-11-01,MASA,113.4918578681976
Mazandaran,14.7,40737,36.49,52.11,Gharakhil,1996-11-01,MASA,140.34749053097073
Mazandaran,1294.3,40760,36.25,53.55,Kiyasar,1996-11-01,MASA,93.42193089104
Mazandaran,1550.0,99348,36.39,51.73,Kojur,1996-11-01,MASA,104.05434153652493
Mazandaran,-20.9,40734,36.66,51.47,Nowshahr,1996-11-01,MASA,180.9093155679733
Mazandaran,610.0,99360,36.1,53.06,Polsefid,1996-11-01,MASA,78.9481200990707
Mazandaran,-20.0,40732,36.9,50.68,Ramsar,1996-11-01,MASA,155.43022237396542
Mazandaran,23.0,40759,36.54,53.0,Sari,1996-11-01,MASA,97.91299186325375
Mazandaran,16.7,40788,36.64,53.2,Sari (Dasht-E-Naz Airport),1996-11-01,MASA,102.1298714695007
Mazandaran,1855.4,40735,36.23,51.3,Siahbisheh,1996-11-01,MASA,35.56277833557431
Mazandaran,1805.0,99361,36.07,52.84,Alasht,1996-12-01,MASA,30.10359416882835
Mazandaran,23.7,99309,36.48,52.47,Amol,1996-12-01,MASA,58.10527513902031
Mazandaran,-21.0,40736,36.7,52.64,Babolsar,1996-12-01,MASA,27.138300344155653
Mazandaran,2120.0,99357,36.2,51.8,Baladeh,1996-12-01,MASA,24.836622282670362
Mazandaran,-20.0,99306,36.86,53.39,Bandar-E-Amirabad,1996-12-01,MASA,36.24705980698906
Mazandaran,-10.0,99299,36.74,53.84,Galugah,1996-12-01,MASA,36.419801518128736
Mazandaran,14.7,40737,36.49,52.11,Gharakhil,1996-12-01,MASA,78.14877490680061
Mazandaran,1294.3,40760,36.25,53.55,Kiyasar,1996-12-01,MASA,29.905073448823316
Mazandaran,1550.0,99348,36.39,51.73,Kojur,1996-12-01,MASA,32.69588957707725
Mazandaran,-20.9,40734,36.66,51.47,Nowshahr,1996-12-01,MASA,96.79742912928901
Mazandaran,610.0,99360,36.1,53.06,Polsefid,1996-12-01,MASA,25.115847691701276
Mazandaran,-20.0,40732,36.9,50.68,Ramsar,1996-12-01,MASA,89.6904991118177
Mazandaran,23.0,40759,36.54,53.0,Sari,1996-12-01,MASA,39.316117867635114
Mazandaran,16.7,40788,36.64,53.2,Sari (Dasht-E-Naz Airport),1996-12-01,MASA,37.98021386544548
Mazandaran,1855.4,40735,36.23,51.3,Siahbisheh,1996-12-01,MASA,13.551943108247144
Mazandaran,1805.0,99361,36.07,52.84,Alasht,1997-01-01,MASA,82.72821078357495
Mazandaran,23.7,99309,36.48,52.47,Amol,1997-01-01,MASA,116.38300488052167
Mazandaran,-21.0,40736,36.7,52.64,Babolsar,1997-01-01,MASA,66.53677294311322
Mazandaran,2120.0,99357,36.2,51.8,Baladeh,1997-01-01,MASA,65.59650967178143
Mazandaran,-20.0,99306,36.86,53.39,Bandar-E-Amirabad,1997-01-01,MASA,75.67003736552991
Mazandaran,-10.0,99299,36.74,53.84,Galugah,1997-01-01,MASA,71.18714222965039
Mazandaran,14.7,40737,36.49,52.11,Gharakhil,1997-01-01,MASA,140.42218396720685
Mazandaran,1294.3,40760,36.25,53.55,Kiyasar,1997-01-01,MASA,56.763384438131226
Mazandaran,1550.0,99348,36.39,51.73,Kojur,1997-01-01,MASA,87.29933569488324
Mazandaran,-20.9,40734,36.66,51.47,Nowshahr,1997-01-01,MASA,195.91118762550153
Mazandaran,610.0,99360,36.1,53.06,Polsefid,1997-01-01,MASA,64.74972138461865
Mazandaran,-20.0,40732,36.9,50.68,Ramsar,1997-01-01,MASA,286.21454904136453
Mazandaran,23.0,40759,36.54,53.0,Sari,1997-01-01,MASA,80.0091213947276
Mazandaran,16.7,40788,36.64,53.2,Sari (Dasht-E-Naz Airport),1997-01-01,MASA,77.2194303041438
Mazandaran,1855.4,40735,36.23,51.3,Siahbisheh,1997-01-01,MASA,80.68988094386853
Mazandaran,1805.0,99361,36.07,52.84,Alasht,1997-02-01,MASA,46.35293947681518
Mazandaran,23.7,99309,36.48,52.47,Amol,1997-02-01,MASA,71.27700911983581
Mazandaran,-21.0,40736,36.7,52.64,Babolsar,1997-02-01,MASA,33.21147130951019
Mazandaran,2120.0,99357,36.2,51.8,Baladeh,1997-02-01,MASA,31.88450800403686
Mazandaran,-20.0,99306,36.86,53.39,Bandar-E-Amirabad,1997-02-01,MASA,54.13206087574096
Mazandaran,-10.0,99299,36.74,53.84,Galugah,1997-02-01,MASA,58.4775673054132
Mazandaran,14.7,40737,36.49,52.11,Gharakhil,1997-02-01,MASA,76.52084695324035
Mazandaran,1294.3,40760,36.25,53.55,Kiyasar,1997-02-01,MASA,51.55785547718139
Mazandaran,1550.0,99348,36.39,51.73,Kojur,1997-02-01,MASA,49.74208938106628
Mazandaran,-20.9,40734,36.66,51.47,Nowshahr,1997-02-01,MASA,128.6834942005548
Mazandaran,610.0,99360,36.1,53.06,Polsefid,1997-02-01,MASA,46.48108946308227
Mazandaran,-20.0,40732,36.9,50.68,Ramsar,1997-02-01,MASA,119.00304423793884
Mazandaran,23.0,40759,36.54,53.0,Sari,1997-02-01,MASA,52.377121319619135
Mazandaran,16.7,40788,36.64,53.2,Sari (Dasht-E-Naz Airport),1997-02-01,MASA,54.077075590935664
Mazandaran,1855.4,40735,36.23,51.3,Siahbisheh,1997-02-01,MASA,44.48966847881408
Mazandaran,1805.0,99361,36.07,52.84,Alasht,1997-03-01,MASA,140.27846643121578
Mazandaran,23.7,99309,36.48,52.47,Amol,1997-03-01,MASA,140.560366598681
Mazandaran,-21.0,40736,36.7,52.64,Babolsar,1997-03-01,MASA,110.647298780993
Mazandaran,2120.0,99357,36.2,51.8,Baladeh,1997-03-01,MASA,116.03621431978084
Mazandaran,-20.0,99306,36.86,53.39,Bandar-E-Amirabad,1997-03-01,MASA,110.99860855729915
Mazandaran,-10.0,99299,36.74,53.84,Galugah,1997-03-01,MASA,119.9147183576379
Mazandaran,14.7,40737,36.49,52.11,Gharakhil,1997-03-01,MASA,155.98178693445064
Mazandaran,1294.3,40760,36.25,53.55,Kiyasar,1997-03-01,MASA,120.71094700486995
Mazandaran,1550.0,99348,36.39,51.73,Kojur,1997-03-01,MASA,123.73193391950466
Mazandaran,-20.9,40734,36.66,51.47,Nowshahr,1997-03-01,MASA,171.2569225707803
Mazandaran,610.0,99360,36.1,53.06,Polsefid,1997-03-01,MASA,131.9650489965234
Mazandaran,-20.0,40732,36.9,50.68,Ramsar,1997-03-01,MASA,150.77690073640682
Mazandaran,23.0,40759,36.54,53.0,Sari,1997-03-01,MASA,124.06154760511257
Mazandaran,16.7,40788,36.64,53.2,Sari (Dasht-E-Naz Airport),1997-03-01,MASA,120.88990995080806
Mazandaran,1855.4,40735,36.23,51.3,Siahbisheh,1997-03-01,MASA,126.12661012800075
Mazandaran,1805.0,99361,36.07,52.84,Alasht,1997-04-01,MASA,91.31604132537774
Mazandaran,23.7,99309,36.48,52.47,Amol,1997-04-01,MASA,57.411265348243035
Mazandaran,-21.0,40736,36.7,52.64,Babolsar,1997-04-01,MASA,32.32732114677361
Mazandaran,2120.0,99357,36.2,51.8,Baladeh,1997-04-01,MASA,69.55823001747063
Mazandaran,-20.0,99306,36.86,53.39,Bandar-E-Amirabad,1997-04-01,MASA,21.95261118297509
Mazandaran,-10.0,99299,36.74,53.84,Galugah,1997-04-01,MASA,45.74815628414086
Mazandaran,14.7,40737,36.49,52.11,Gharakhil,1997-04-01,MASA,109.36954316978387
Mazandaran,1294.3,40760,36.25,53.55,Kiyasar,1997-04-01,MASA,45.03966567401818
Mazandaran,1550.0,99348,36.39,51.73,Kojur,1997-04-01,MASA,94.41509542350701
Mazandaran,-20.9,40734,36.66,51.47,Nowshahr,1997-04-01,MASA,106.33358058814935
Mazandaran,610.0,99360,36.1,53.06,Polsefid,1997-04-01,MASA,88.44574985389642
Mazandaran,-20.0,40732,36.9,50.68,Ramsar,1997-04-01,MASA,75.0137090433114
Mazandaran,23.0,40759,36.54,53.0,Sari,1997-04-01,MASA,31.39470217113427
Mazandaran,16.7,40788,36.64,53.2,Sari (Dasht-E-Naz Airport),1997-04-01,MASA,23.27552137260369
Mazandaran,1855.4,40735,36.23,51.3,Siahbisheh,1997-04-01,MASA,78.3895075071328
Mazandaran,1805.0,99361,36.07,52.84,Alasht,1997-05-01,MASA,129.0178783233813
Mazandaran,23.7,99309,36.48,52.47,Amol,1997-05-01,MASA,69.42057982045924
Mazandaran,-21.0,40736,36.7,52.64,Babolsar,1997-05-01,MASA,27.40171924192225
Mazandaran,2120.0,99357,36.2,51.8,Baladeh,1997-05-01,MASA,126.54510512906825
Mazandaran,-20.0,99306,36.86,53.39,Bandar-E-Amirabad,1997-05-01,MASA,38.58618810731684
Mazandaran,-10.0,99299,36.74,53.84,Galugah,1997-05-01,MASA,64.28027525502955
Mazandaran,14.7,40737,36.49,52.11,Gharakhil,1997-05-01,MASA,161.71349957544123
Mazandaran,1294.3,40760,36.25,53.55,Kiyasar,1997-05-01,MASA,70.04300132352625
Mazandaran,1550.0,99348,36.39,51.73,Kojur,1997-05-01,MASA,143.2681269939593
Mazandaran,-20.9,40734,36.66,51.47,Nowshahr,1997-05-01,MASA,77.86609604913508
Mazandaran,610.0,99360,36.1,53.06,Polsefid,1997-05-01,MASA,114.14908245164668
Mazandaran,-20.0,40732,36.9,50.68,Ramsar,1997-05-01,MASA,99.51506927568232
Mazandaran,23.0,40759,36.54,53.0,Sari,1997-05-01,MASA,52.446562796419016
Mazandaran,16.7,40788,36.64,53.2,Sari (Dasht-E-Naz Airport),1997-05-01,MASA,44.51169446069514
Mazandaran,1855.4,40735,36.23,51.3,Siahbisheh,1997-05-01,MASA,111.36590316850459
Mazandaran,1805.0,99361,36.07,52.84,Alasht,1997-06-01,MASA,79.66157130634244
Mazandaran,23.7,99309,36.48,52.47,Amol,1997-06-01,MASA,34.8214068237489
Mazandaran,-21.0,40736,36.7,52.64,Babolsar,1997-06-01,MASA,12.755759877318695
Mazandaran,2120.0,99357,36.2,51.8,Baladeh,1997-06-01,MASA,128.341534060592
Mazandaran,-20.0,99306,36.86,53.39,Bandar-E-Amirabad,1997-06-01,MASA,5.963549834842041
Mazandaran,-10.0,99299,36.74,53.84,Galugah,1997-06-01,MASA,24.684735459441498
Mazandaran,14.7,40737,36.49,52.11,Gharakhil,1997-06-01,MASA,139.3009804907983
Mazandaran,1294.3,40760,36.25,53.55,Kiyasar,1997-06-01,MASA,51.58180825149472
Mazandaran,1550.0,99348,36.39,51.73,Kojur,1997-06-01,MASA,165.6369500580972
Mazandaran,-20.9,40734,36.66,51.47,Nowshahr,1997-06-01,MASA,97.9496919337457
Mazandaran,610.0,99360,36.1,53.06,Polsefid,1997-06-01,MASA,61.93296693002637
Mazandaran,-20.0,40732,36.9,50.68,Ramsar,1997-06-01,MASA,124.62766550218518
Mazandaran,23.0,40759,36.54,53.0,Sari,1997-06-01,MASA,35.88809154664929
Mazandaran,16.7,40788,36.64,53.2,Sari (Dasht-E-Naz Airport),1997-06-01,MASA,20.486690920943573
Mazandaran,1855.4,40735,36.23,51.3,Siahbisheh,1997-06-01,MASA,96.45743004714902
Mazandaran,1805.0,99361,36.07,52.84,Alasht,1997-07-01,MASA,124.84417784369128
Mazandaran,23.7,99309,36.48,52.47,Amol,1997-07-01,MASA,96.45740616476672
Mazandaran,-21.0,40736,36.7,52.64,Babolsar,1997-07-01,MASA,31.340881468416626
Mazandaran,2120.0,99357,36.2,51.8,Baladeh,1997-07-01,MASA,133.3733491913094
Mazandaran,-20.0,99306,36.86,53.39,Bandar-E-Amirabad,1997-07-01,MASA,26.03115070021289
Mazandaran,-10.0,99299,36.74,53.84,Galugah,1997-07-01,MASA,73.59826493418353
Mazandaran,14.7,40737,36.49,52.11,Gharakhil,1997-07-01,MASA,163.2747493997826
Mazandaran,1294.3,40760,36.25,53.55,Kiyasar,1997-07-01,MASA,80.77219057238239
Mazandaran,1550.0,99348,36.39,51.73,Kojur,1997-07-01,MASA,239.92781269705432
Mazandaran,-20.9,40734,36.66,51.47,Nowshahr,1997-07-01,MASA,129.08895242369312
Mazandaran,610.0,99360,36.1,53.06,Polsefid,1997-07-01,MASA,107.61670696890491
Mazandaran,-20.0,40732,36.9,50.68,Ramsar,1997-07-01,MASA,109.68479442751544
Mazandaran,23.0,40759,36.54,53.0,Sari,1997-07-01,MASA,84.01662039911884
Mazandaran,16.7,40788,36.64,53.2,Sari (Dasht-E-Naz Airport),1997-07-01,MASA,55.423661352755005
Mazandaran,1855.4,40735,36.23,51.3,Siahbisheh,1997-07-01,MASA,117.66877699053424
Mazandaran,1805.0,99361,36.07,52.84,Alasht,1997-08-01,MASA,42.62609391859584
Mazandaran,23.7,99309,36.48,52.47,Amol,1997-08-01,MASA,64.13618832281642
Mazandaran,-21.0,40736,36.7,52.64,Babolsar,1997-08-01,MASA,15.490438634667925
Mazandaran,2120.0,99357,36.2,51.8,Baladeh,1997-08-01,MASA,51.871072346482805
Mazandaran,-20.0,99306,36.86,53.39,Bandar-E-Amirabad,1997-08-01,MASA,13.51572185209804
Mazandaran,-10.0,99299,36.74,53.84,Galugah,1997-08-01,MASA,38.02704423121028
Mazandaran,14.7,40737,36.49,52.11,Gharakhil,1997-08-01,MASA,63.44955771616512
Mazandaran,1294.3,40760,36.25,53.55,Kiyasar,1997-08-01,MASA,38.805868322167925
Mazandaran,1550.0,99348,36.39,51.73,Kojur,1997-08-01,MASA,88.29231172255092
Mazandaran,-20.9,40734,36.66,51.47,Nowshahr,1997-08-01,MASA,59.10372346094661
Mazandaran,610.0,99360,36.1,53.06,Polsefid,1997-08-01,MASA,35.24860351732784
Mazandaran,-20.0,40732,36.9,50.68,Ramsar,1997-08-01,MASA,48.25096934488826
Mazandaran,23.0,40759,36.54,53.0,Sari,1997-08-01,MASA,52.99451559237056
Mazandaran,16.7,40788,36.64,53.2,Sari (Dasht-E-Naz Airport),1997-08-01,MASA,34.12712722471767
Mazandaran,1855.4,40735,36.23,51.3,Siahbisheh,1997-08-01,MASA,33.67790191820674
Mazandaran,1805.0,99361,36.07,52.84,Alasht,1997-09-01,MASA,214.06945448713444
Mazandaran,23.7,99309,36.48,52.47,Amol,1997-09-01,MASA,138.13486557798527
Mazandaran,-21.0,40736,36.7,52.64,Babolsar,1997-09-01,MASA,65.44366341428898
Mazandaran,2120.0,99357,36.2,51.8,Baladeh,1997-09-01,MASA,143.04926853971622
Mazandaran,-20.0,99306,36.86,53.39,Bandar-E-Amirabad,1997-09-01,MASA,85.30883353548191
Mazandaran,-10.0,99299,36.74,53.84,Galugah,1997-09-01,MASA,147.065042074491
Mazandaran,14.7,40737,36.49,52.11,Gharakhil,1997-09-01,MASA,273.9229486544623
Mazandaran,1294.3,40760,36.25,53.55,Kiyasar,1997-09-01,MASA,134.25144415693424
Mazandaran,1550.0,99348,36.39,51.73,Kojur,1997-09-01,MASA,318.96749001341004
Mazandaran,-20.9,40734,36.66,51.47,Nowshahr,1997-09-01,MASA,244.53589182691715
Mazandaran,610.0,99360,36.1,53.06,Polsefid,1997-09-01,MASA,188.04783981638096
Mazandaran,-20.0,40732,36.9,50.68,Ramsar,1997-09-01,MASA,342.3481867869391
Mazandaran,23.0,40759,36.54,53.0,Sari,1997-09-01,MASA,156.4947203953757
Mazandaran,16.7,40788,36.64,53.2,Sari (Dasht-E-Naz Airport),1997-09-01,MASA,137.6605318148627
Mazandaran,1855.4,40735,36.23,51.3,Siahbisheh,1997-09-01,MASA,103.05286806421421
Mazandaran,1805.0,99361,36.07,52.84,Alasht,1997-10-01,MASA,152.5023173532709
Mazandaran,23.7,99309,36.48,52.47,Amol,1997-10-01,MASA,121.16764895536747
Mazandaran,-21.0,40736,36.7,52.64,Babolsar,1997-10-01,MASA,81.56417719938602
Mazandaran,2120.0,99357,36.2,51.8,Baladeh,1997-10-01,MASA,87.62228898622837
Mazandaran,-20.0,99306,36.86,53.39,Bandar-E-Amirabad,1997-10-01,MASA,112.54832558252659
Mazandaran,-10.0,99299,36.74,53.84,Galugah,1997-10-01,MASA,149.3512582025751
Mazandaran,14.7,40737,36.49,52.11,Gharakhil,1997-10-01,MASA,226.8477868280634
Mazandaran,1294.3,40760,36.25,53.55,Kiyasar,1997-10-01,MASA,100.36874227144565
Mazandaran,1550.0,99348,36.39,51.73,Kojur,1997-10-01,MASA,143.970776721023
Mazandaran,-20.9,40734,36.66,51.47,Nowshahr,1997-10-01,MASA,235.93865744688358
Mazandaran,610.0,99360,36.1,53.06,Polsefid,1997-10-01,MASA,128.73042039491978
Mazandaran,-20.0,40732,36.9,50.68,Ramsar,1997-10-01,MASA,275.63864402391755
Mazandaran,23.0,40759,36.54,53.0,Sari,1997-10-01,MASA,114.31233994581547
Mazandaran,16.7,40788,36.64,53.2,Sari (Dasht-E-Naz Airport),1997-10-01,MASA,115.66195301630344
Mazandaran,1855.4,40735,36.23,51.3,Siahbisheh,1997-10-01,MASA,40.68211130716648
Mazandaran,1805.0,99361,36.07,52.84,Alasht,1997-11-01,MASA,109.13713666449709
Mazandaran,23.7,99309,36.48,52.47,Amol,1997-11-01,MASA,143.53594573985262
Mazandaran,-21.0,40736,36.7,52.64,Babolsar,1997-11-01,MASA,154.89304455767794
Mazandaran,2120.0,99357,36.2,51.8,Baladeh,1997-11-01,MASA,73.32018407832308
Mazandaran,-20.0,99306,36.86,53.39,Bandar-E-Amirabad,1997-11-01,MASA,147.3146268988721
Mazandaran,-10.0,99299,36.74,53.84,Galugah,1997-11-01,MASA,136.46710309039278
Mazandaran,14.7,40737,36.49,52.11,Gharakhil,1997-11-01,MASA,169.55808195124789
Mazandaran,1294.3,40760,36.25,53.55,Kiyasar,1997-11-01,MASA,139.6176257992856
Mazandaran,1550.0,99348,36.39,51.73,Kojur,1997-11-01,MASA,119.74661442290468
Mazandaran,-20.9,40734,36.66,51.47,Nowshahr,1997-11-01,MASA,199.07908531676455
Mazandaran,610.0,99360,36.1,53.06,Polsefid,1997-11-01,MASA,95.73768469344301
Mazandaran,-20.0,40732,36.9,50.68,Ramsar,1997-11-01,MASA,254.11698612223788
Mazandaran,23.0,40759,36.54,53.0,Sari,1997-11-01,MASA,151.81512030612154
Mazandaran,16.7,40788,36.64,53.2,Sari (Dasht-E-Naz Airport),1997-11-01,MASA,168.8813308144681
Mazandaran,1855.4,40735,36.23,51.3,Siahbisheh,1997-11-01,MASA,68.61296686183138
Mazandaran,1805.0,99361,36.07,52.84,Alasht,1997-12-01,MASA,65.88601037850594
Mazandaran,23.7,99309,36.48,52.47,Amol,1997-12-01,MASA,120.6116573511622
Mazandaran,-21.0,40736,36.7,52.64,Babolsar,1997-12-01,MASA,97.44121596207833
Mazandaran,2120.0,99357,36.2,51.8,Baladeh,1997-12-01,MASA,38.16608801474786
Mazandaran,-20.0,99306,36.86,53.39,Bandar-E-Amirabad,1997-12-01,MASA,65.35020932545876
Mazandaran,-10.0,99299,36.74,53.84,Galugah,1997-12-01,MASA,66.36110410084939
Mazandaran,14.7,40737,36.49,52.11,Gharakhil,1997-12-01,MASA,144.48503121724343
Mazandaran,1294.3,40760,36.25,53.55,Kiyasar,1997-12-01,MASA,53.21175321927285
Mazandaran,1550.0,99348,36.39,51.73,Kojur,1997-12-01,MASA,64.72708746781564
Mazandaran,-20.9,40734,36.66,51.47,Nowshahr,1997-12-01,MASA,204.809640496876
Mazandaran,610.0,99360,36.1,53.06,Polsefid,1997-12-01,MASA,58.97833868851876
Mazandaran,-20.0,40732,36.9,50.68,Ramsar,1997-12-01,MASA,294.5550502835772
Mazandaran,23.0,40759,36.54,53.0,Sari,1997-12-01,MASA,81.75412282338357
Mazandaran,16.7,40788,36.64,53.2,Sari (Dasht-E-Naz Airport),1997-12-01,MASA,71.71315416684365
Mazandaran,1855.4,40735,36.23,51.3,Siahbisheh,1997-12-01,MASA,41.514282077457665
Mazandaran,1805.0,99361,36.07,52.84,Alasht,1998-01-01,MASA,95.36552493295858
Mazandaran,23.7,99309,36.48,52.47,Amol,1998-01-01,MASA,167.89066855631063
Mazandaran,-21.0,40736,36.7,52.64,Babolsar,1998-01-01,MASA,117.16856126508901
Mazandaran,2120.0,99357,36.2,51.8,Baladeh,1998-01-01,MASA,87.90725533685873
Mazandaran,-20.0,99306,36.86,53.39,Bandar-E-Amirabad,1998-01-01,MASA,123.08856908998678
Mazandaran,-10.0,99299,36.74,53.84,Galugah,1998-01-01,MASA,136.61512796602437
Mazandaran,14.7,40737,36.49,52.11,Gharakhil,1998-01-01,MASA,190.53664867601583
Mazandaran,1294.3,40760,36.25,53.55,Kiyasar,1998-01-01,MASA,118.35713748655508
Mazandaran,1550.0,99348,36.39,51.73,Kojur,1998-01-01,MASA,103.91964082441518
Mazandaran,-20.9,40734,36.66,51.47,Nowshahr,1998-01-01,MASA,232.88188938818166
Mazandaran,610.0,99360,36.1,53.06,Polsefid,1998-01-01,MASA,95.15245322904775
Mazandaran,-20.0,40732,36.9,50.68,Ramsar,1998-01-01,MASA,282.97290270052144
Mazandaran,23.0,40759,36.54,53.0,Sari,1998-01-01,MASA,142.69180659971425
Mazandaran,16.7,40788,36.64,53.2,Sari (Dasht-E-Naz Airport),1998-01-01,MASA,141.04874496183584
Mazandaran,1855.4,40735,36.23,51.3,Siahbisheh,1998-01-01,MASA,87.95553509912679
Mazandaran,1805.0,99361,36.07,52.84,Alasht,1998-02-01,MASA,72.23608123478442
Mazandaran,23.7,99309,36.48,52.47,Amol,1998-02-01,MASA,92.39867853340655
Mazandaran,-21.0,40736,36.7,52.64,Babolsar,1998-02-01,MASA,60.01487898048907
Mazandaran,2120.0,99357,36.2,51.8,Baladeh,1998-02-01,MASA,83.33273755726367
Mazandaran,-20.0,99306,36.86,53.39,Bandar-E-Amirabad,1998-02-01,MASA,55.901681653828916
Mazandaran,-10.0,99299,36.74,53.84,Galugah,1998-02-01,MASA,75.46505855736285
Mazandaran,14.7,40737,36.49,52.11,Gharakhil,1998-02-01,MASA,120.50261127171069
Mazandaran,1294.3,40760,36.25,53.55,Kiyasar,1998-02-01,MASA,59.340824953885374
Mazandaran,1550.0,99348,36.39,51.73,Kojur,1998-02-01,MASA,88.03584205326587
Mazandaran,-20.9,40734,36.66,51.47,Nowshahr,1998-02-01,MASA,155.10236250576526
Mazandaran,610.0,99360,36.1,53.06,Polsefid,1998-02-01,MASA,62.252899281354246
Mazandaran,-20.0,40732,36.9,50.68,Ramsar,1998-02-01,MASA,205.6327961605504
Mazandaran,23.0,40759,36.54,53.0,Sari,1998-02-01,MASA,68.4114895981267
Mazandaran,16.7,40788,36.64,53.2,Sari (Dasht-E-Naz Airport),1998-02-01,MASA,68.27365385708362
Mazandaran,1855.4,40735,36.23,51.3,Siahbisheh,1998-02-01,MASA,118.88188647446185
Mazandaran,1805.0,99361,36.07,52.84,Alasht,1998-03-01,MASA,68.40076968037323
Mazandaran,23.7,99309,36.48,52.47,Amol,1998-03-01,MASA,71.1125575002356
Mazandaran,-21.0,40736,36.7,52.64,Babolsar,1998-03-01,MASA,25.99066421353058
Mazandaran,2120.0,99357,36.2,51.8,Baladeh,1998-03-01,MASA,78.09701487385468
Mazandaran,-20.0,99306,36.86,53.39,Bandar-E-Amirabad,1998-03-01,MASA,36.025895923010864
Mazandaran,-10.0,99299,36.74,53.84,Galugah,1998-03-01,MASA,48.889174311987915
Mazandaran,14.7,40737,36.49,52.11,Gharakhil,1998-03-01,MASA,82.7598415311499
Mazandaran,1294.3,40760,36.25,53.55,Kiyasar,1998-03-01,MASA,48.50737675987915
Mazandaran,1550.0,99348,36.39,51.73,Kojur,1998-03-01,MASA,55.25800511204437
Mazandaran,-20.9,40734,36.66,51.47,Nowshahr,1998-03-01,MASA,81.15069493614868
Mazandaran,610.0,99360,36.1,53.06,Polsefid,1998-03-01,MASA,66.75140485130981
Mazandaran,-20.0,40732,36.9,50.68,Ramsar,1998-03-01,MASA,94.23564299904541
Mazandaran,23.0,40759,36.54,53.0,Sari,1998-03-01,MASA,37.66088113152222
Mazandaran,16.7,40788,36.64,53.2,Sari (Dasht-E-Naz Airport),1998-03-01,MASA,33.88295993172363
Mazandaran,1855.4,40735,36.23,51.3,Siahbisheh,1998-03-01,MASA,112.72403523289398
Mazandaran,1805.0,99361,36.07,52.84,Alasht,1998-04-01,MASA,158.18516844217
Mazandaran,23.7,99309,36.48,52.47,Amol,1998-04-01,MASA,106.01171785299002
Mazandaran,-21.0,40736,36.7,52.64,Babolsar,1998-04-01,MASA,53.501799044052945
Mazandaran,2120.0,99357,36.2,51.8,Baladeh,1998-04-01,MASA,108.54330593053518
Mazandaran,-20.0,99306,36.86,53.39,Bandar-E-Amirabad,1998-04-01,MASA,71.06947833005606
Mazandaran,-10.0,99299,36.74,53.84,Galugah,1998-04-01,MASA,113.76304858628927
Mazandaran,14.7,40737,36.49,52.11,Gharakhil,1998-04-01,MASA,171.76897757951437
Mazandaran,1294.3,40760,36.25,53.55,Kiyasar,1998-04-01,MASA,123.15894597474752
Mazandaran,1550.0,99348,36.39,51.73,Kojur,1998-04-01,MASA,154.66715329591452
Mazandaran,-20.9,40734,36.66,51.47,Nowshahr,1998-04-01,MASA,89.14463156167685
Mazandaran,610.0,99360,36.1,53.06,Polsefid,1998-04-01,MASA,143.5791396469277
Mazandaran,-20.0,40732,36.9,50.68,Ramsar,1998-04-01,MASA,120.74392968122183
Mazandaran,23.0,40759,36.54,53.0,Sari,1998-04-01,MASA,103.134378132264
Mazandaran,16.7,40788,36.64,53.2,Sari (Dasht-E-Naz Airport),1998-04-01,MASA,93.17214721147238
Mazandaran,1855.4,40735,36.23,51.3,Siahbisheh,1998-04-01,MASA,96.93376654092489
Mazandaran,1805.0,99361,36.07,52.84,Alasht,1998-05-01,MASA,147.25516226744872
Mazandaran,23.7,99309,36.48,52.47,Amol,1998-05-01,MASA,45.30082133269531
Mazandaran,-21.0,40736,36.7,52.64,Babolsar,1998-05-01,MASA,10.265673069717707
Mazandaran,2120.0,99357,36.2,51.8,Baladeh,1998-05-01,MASA,111.3357940003894
Mazandaran,-20.0,99306,36.86,53.39,Bandar-E-Amirabad,1998-05-01,MASA,22.427106766464533
Mazandaran,-10.0,99299,36.74,53.84,Galugah,1998-05-01,MASA,87.13276174521667
Mazandaran,14.7,40737,36.49,52.11,Gharakhil,1998-05-01,MASA,149.78652682757598
Mazandaran,1294.3,40760,36.25,53.55,Kiyasar,1998-05-01,MASA,76.04507592177612
Mazandaran,1550.0,99348,36.39,51.73,Kojur,1998-05-01,MASA,184.3241700217746
Mazandaran,-20.9,40734,36.66,51.47,Nowshahr,1998-05-01,MASA,52.45989051318389
Mazandaran,610.0,99360,36.1,53.06,Polsefid,1998-05-01,MASA,140.11525598025543
Mazandaran,-20.0,40732,36.9,50.68,Ramsar,1998-05-01,MASA,71.11328330493194
Mazandaran,23.0,40759,36.54,53.0,Sari,1998-05-01,MASA,40.09422150111419
Mazandaran,16.7,40788,36.64,53.2,Sari (Dasht-E-Naz Airport),1998-05-01,MASA,31.86353531337005
Mazandaran,1855.4,40735,36.23,51.3,Siahbisheh,1998-05-01,MASA,93.11916914439422
Mazandaran,1805.0,99361,36.07,52.84,Alasht,1998-06-01,MASA,76.73661564204792
Mazandaran,23.7,99309,36.48,52.47,Amol,1998-06-01,MASA,32.21428547713856
Mazandaran,-21.0,40736,36.7,52.64,Babolsar,1998-06-01,MASA,9.65118561599354
Mazandaran,2120.0,99357,36.2,51.8,Baladeh,1998-06-01,MASA,98.84597514484028
Mazandaran,-20.0,99306,36.86,53.39,Bandar-E-Amirabad,1998-06-01,MASA,12.169377549625437
Mazandaran,-10.0,99299,36.74,53.84,Galugah,1998-06-01,MASA,24.054171188808482
Mazandaran,14.7,40737,36.49,52.11,Gharakhil,1998-06-01,MASA,81.53198812816242
Mazandaran,1294.3,40760,36.25,53.55,Kiyasar,1998-06-01,MASA,36.80424545619587
Mazandaran,1550.0,99348,36.39,51.73,Kojur,1998-06-01,MASA,103.8341090521584
Mazandaran,-20.9,40734,36.66,51.47,Nowshahr,1998-06-01,MASA,56.27186749789814
Mazandaran,610.0,99360,36.1,53.06,Polsefid,1998-06-01,MASA,60.06421302173237
Mazandaran,-20.0,40732,36.9,50.68,Ramsar,1998-06-01,MASA,46.62923668239216
Mazandaran,23.0,40759,36.54,53.0,Sari,1998-06-01,MASA,28.917582376934092
Mazandaran,16.7,40788,36.64,53.2,Sari (Dasht-E-Naz Airport),1998-06-01,MASA,19.276158555484812
Mazandaran,1855.4,40735,36.23,51.3,Siahbisheh,1998-06-01,MASA,87.82510612819294
Mazandaran,1805.0,99361,36.07,52.84,Alasht,1998-07-01,MASA,91.94901869945227
Mazandaran,23.7,99309,36.48,52.47,Amol,1998-07-01,MASA,67.49803112201391
Mazandaran,-21.0,40736,36.7,52.64,Babolsar,1998-07-01,MASA,24.669843775555478
Mazandaran,2120.0,99357,36.2,51.8,Baladeh,1998-07-01,MASA,120.09685025863348
Mazandaran,-20.0,99306,36.86,53.39,Bandar-E-Amirabad,1998-07-01,MASA,13.353574139401303
Mazandaran,-10.0,99299,36.74,53.84,Galugah,1998-07-01,MASA,45.54693685226141
Mazandaran,14.7,40737,36.49,52.11,Gharakhil,1998-07-01,MASA,135.65683649234472
Mazandaran,1294.3,40760,36.25,53.55,Kiyasar,1998-07-01,MASA,67.31376336269079
Mazandaran,1550.0,99348,36.39,51.73,Kojur,1998-07-01,MASA,174.50759099178015
Mazandaran,-20.9,40734,36.66,51.47,Nowshahr,1998-07-01,MASA,81.61935494594275
Mazandaran,610.0,99360,36.1,53.06,Polsefid,1998-07-01,MASA,68.83870349578558
Mazandaran,-20.0,40732,36.9,50.68,Ramsar,1998-07-01,MASA,63.16146538905798
Mazandaran,23.0,40759,36.54,53.0,Sari,1998-07-01,MASA,67.29257391147314
Mazandaran,16.7,40788,36.64,53.2,Sari (Dasht-E-Naz Airport),1998-07-01,MASA,43.70457218341528
Mazandaran,1855.4,40735,36.23,51.3,Siahbisheh,1998-07-01,MASA,84.68991802386938
Mazandaran,1805.0,99361,36.07,52.84,Alasht,1998-08-01,MASA,74.94501248684315
Mazandaran,23.7,99309,36.48,52.47,Amol,1998-08-01,MASA,83.02679137077718
Mazandaran,-21.0,40736,36.7,52.64,Babolsar,1998-08-01,MASA,40.989870584873245
Mazandaran,2120.0,99357,36.2,51.8,Baladeh,1998-08-01,MASA,105.44231013145833
Mazandaran,-20.0,99306,36.86,53.39,Bandar-E-Amirabad,1998-08-01,MASA,35.57879701939015
Mazandaran,-10.0,99299,36.74,53.84,Galugah,1998-08-01,MASA,41.12563506451039
Mazandaran,14.7,40737,36.49,52.11,Gharakhil,1998-08-01,MASA,141.0043038496056
Mazandaran,1294.3,40760,36.25,53.55,Kiyasar,1998-08-01,MASA,57.95728639450459
Mazandaran,1550.0,99348,36.39,51.73,Kojur,1998-08-01,MASA,152.80751363125233
Mazandaran,-20.9,40734,36.66,51.47,Nowshahr,1998-08-01,MASA,87.93700710621266
Mazandaran,610.0,99360,36.1,53.06,Polsefid,1998-08-01,MASA,52.49537006702809
Mazandaran,-20.0,40732,36.9,50.68,Ramsar,1998-08-01,MASA,92.31003598060994
Mazandaran,23.0,40759,36.54,53.0,Sari,1998-08-01,MASA,100.9999014505425
Mazandaran,16.7,40788,36.64,53.2,Sari (Dasht-E-Naz Airport),1998-08-01,MASA,83.96060243931203
Mazandaran,1855.4,40735,36.23,51.3,Siahbisheh,1998-08-01,MASA,75.13731197204976
Mazandaran,1805.0,99361,36.07,52.84,Alasht,1998-09-01,MASA,140.61781537779083
Mazandaran,23.7,99309,36.48,52.47,Amol,1998-09-01,MASA,171.41444754846802
Mazandaran,-21.0,40736,36.7,52.64,Babolsar,1998-09-01,MASA,76.49133873232117
Mazandaran,2120.0,99357,36.2,51.8,Baladeh,1998-09-01,MASA,198.431266071875
Mazandaran,-20.0,99306,36.86,53.39,Bandar-E-Amirabad,1998-09-01,MASA,79.02240526922455
Mazandaran,-10.0,99299,36.74,53.84,Galugah,1998-09-01,MASA,122.33760726698151
Mazandaran,14.7,40737,36.49,52.11,Gharakhil,1998-09-01,MASA,366.87981856115573
Mazandaran,1294.3,40760,36.25,53.55,Kiyasar,1998-09-01,MASA,110.73985469587555
Mazandaran,1550.0,99348,36.39,51.73,Kojur,1998-09-01,MASA,363.2995910669159
Mazandaran,-20.9,40734,36.66,51.47,Nowshahr,1998-09-01,MASA,255.62979054697266
Mazandaran,610.0,99360,36.1,53.06,Polsefid,1998-09-01,MASA,116.01206434019318
Mazandaran,-20.0,40732,36.9,50.68,Ramsar,1998-09-01,MASA,319.3659908796143
Mazandaran,23.0,40759,36.54,53.0,Sari,1998-09-01,MASA,132.6137907529663
Mazandaran,16.7,40788,36.64,53.2,Sari (Dasht-E-Naz Airport),1998-09-01,MASA,108.57972276457062
Mazandaran,1855.4,40735,36.23,51.3,Siahbisheh,1998-09-01,MASA,132.5609810376953
Mazandaran,1805.0,99361,36.07,52.84,Alasht,1998-10-01,MASA,136.98478812850112
Mazandaran,23.7,99309,36.48,52.47,Amol,1998-10-01,MASA,160.83341116583938
Mazandaran,-21.0,40736,36.7,52.64,Babolsar,1998-10-01,MASA,90.47428543246383
Mazandaran,2120.0,99357,36.2,51.8,Baladeh,1998-10-01,MASA,92.61538858092422
Mazandaran,-20.0,99306,36.86,53.39,Bandar-E-Amirabad,1998-10-01,MASA,85.54761881507034
Mazandaran,-10.0,99299,36.74,53.84,Galugah,1998-10-01,MASA,92.36318642771835
Mazandaran,14.7,40737,36.49,52.11,Gharakhil,1998-10-01,MASA,231.66882271445388
Mazandaran,1294.3,40760,36.25,53.55,Kiyasar,1998-10-01,MASA,70.75411851084823
Mazandaran,1550.0,99348,36.39,51.73,Kojur,1998-10-01,MASA,165.38567120707626
Mazandaran,-20.9,40734,36.66,51.47,Nowshahr,1998-10-01,MASA,275.0586944309532
Mazandaran,610.0,99360,36.1,53.06,Polsefid,1998-10-01,MASA,103.26612765467758
Mazandaran,-20.0,40732,36.9,50.68,Ramsar,1998-10-01,MASA,329.4882255283653
Mazandaran,23.0,40759,36.54,53.0,Sari,1998-10-01,MASA,136.64072031653518
Mazandaran,16.7,40788,36.64,53.2,Sari (Dasht-E-Naz Airport),1998-10-01,MASA,112.79565865672225
Mazandaran,1855.4,40735,36.23,51.3,Siahbisheh,1998-10-01,MASA,66.75504917777175
Mazandaran,1805.0,99361,36.07,52.84,Alasht,1998-11-01,MASA,32.69460586024664
Mazandaran,23.7,99309,36.48,52.47,Amol,1998-11-01,MASA,68.16942778540991
Mazandaran,-21.0,40736,36.7,52.64,Babolsar,1998-11-01,MASA,36.394534382356625
Mazandaran,2120.0,99357,36.2,51.8,Baladeh,1998-11-01,MASA,37.5394800038471
Mazandaran,-20.0,99306,36.86,53.39,Bandar-E-Amirabad,1998-11-01,MASA,37.40271714640997
Mazandaran,-10.0,99299,36.74,53.84,Galugah,1998-11-01,MASA,38.88466742946051
Mazandaran,14.7,40737,36.49,52.11,Gharakhil,1998-11-01,MASA,103.41231313659094
Mazandaran,1294.3,40760,36.25,53.55,Kiyasar,1998-11-01,MASA,25.22825983477972
Mazandaran,1550.0,99348,36.39,51.73,Kojur,1998-11-01,MASA,65.20700243426703
Mazandaran,-20.9,40734,36.66,51.47,Nowshahr,1998-11-01,MASA,137.5267186494007
Mazandaran,610.0,99360,36.1,53.06,Polsefid,1998-11-01,MASA,27.983097109331112
Mazandaran,-20.0,40732,36.9,50.68,Ramsar,1998-11-01,MASA,260.91898766471286
Mazandaran,23.0,40759,36.54,53.0,Sari,1998-11-01,MASA,54.07376376105688
Mazandaran,16.7,40788,36.64,53.2,Sari (Dasht-E-Naz Airport),1998-11-01,MASA,38.15500226928137
Mazandaran,1855.4,40735,36.23,51.3,Siahbisheh,1998-11-01,MASA,32.11207476569555
Mazandaran,1805.0,99361,36.07,52.84,Alasht,1998-12-01,MASA,35.62850775318438
Mazandaran,23.7,99309,36.48,52.47,Amol,1998-12-01,MASA,56.19868161278063
Mazandaran,-21.0,40736,36.7,52.64,Babolsar,1998-12-01,MASA,26.544983406832756
Mazandaran,2120.0,99357,36.2,51.8,Baladeh,1998-12-01,MASA,41.025767942240776
Mazandaran,-20.0,99306,36.86,53.39,Bandar-E-Amirabad,1998-12-01,MASA,25.227527042201103
Mazandaran,-10.0,99299,36.74,53.84,Galugah,1998-12-01,MASA,29.67270733909899
Mazandaran,14.7,40737,36.49,52.11,Gharakhil,1998-12-01,MASA,78.63710345821673
Mazandaran,1294.3,40760,36.25,53.55,Kiyasar,1998-12-01,MASA,18.676335831454338
Mazandaran,1550.0,99348,36.39,51.73,Kojur,1998-12-01,MASA,44.883484860232414
Mazandaran,-20.9,40734,36.66,51.47,Nowshahr,1998-12-01,MASA,115.1783418853789
Mazandaran,610.0,99360,36.1,53.06,Polsefid,1998-12-01,MASA,32.182286401560845
Mazandaran,-20.0,40732,36.9,50.68,Ramsar,1998-12-01,MASA,247.25102903442675
Mazandaran,23.0,40759,36.54,53.0,Sari,1998-12-01,MASA,34.50288893776232
Mazandaran,16.7,40788,36.64,53.2,Sari (Dasht-E-Naz Airport),1998-12-01,MASA,24.700979610255303
Mazandaran,1855.4,40735,36.23,51.3,Siahbisheh,1998-12-01,MASA,55.052692910006584
Mazandaran,1805.0,99361,36.07,52.84,Alasht,1999-01-01,MASA,79.36111285052405
Mazandaran,23.7,99309,36.48,52.47,Amol,1999-01-01,MASA,111.43118335566626
Mazandaran,-21.0,40736,36.7,52.64,Babolsar,1999-01-01,MASA,75.24922682604895
Mazandaran,2120.0,99357,36.2,51.8,Baladeh,1999-01-01,MASA,51.15422798953162
Mazandaran,-20.0,99306,36.86,53.39,Bandar-E-Amirabad,1999-01-01,MASA,85.37143661341773
Mazandaran,-10.0,99299,36.74,53.84,Galugah,1999-01-01,MASA,90.90811206660376
Mazandaran,14.7,40737,36.49,52.11,Gharakhil,1999-01-01,MASA,129.6912450965415
Mazandaran,1294.3,40760,36.25,53.55,Kiyasar,1999-01-01,MASA,76.76442159972297
Mazandaran,1550.0,99348,36.39,51.73,Kojur,1999-01-01,MASA,75.27959539256202
Mazandaran,-20.9,40734,36.66,51.47,Nowshahr,1999-01-01,MASA,157.8020770724784
Mazandaran,610.0,99360,36.1,53.06,Polsefid,1999-01-01,MASA,79.52682866416083
Mazandaran,-20.0,40732,36.9,50.68,Ramsar,1999-01-01,MASA,160.6806535895835
Mazandaran,23.0,40759,36.54,53.0,Sari,1999-01-01,MASA,90.93068732581244
Mazandaran,16.7,40788,36.64,53.2,Sari (Dasht-E-Naz Airport),1999-01-01,MASA,83.53141142687903
Mazandaran,1855.4,40735,36.23,51.3,Siahbisheh,1999-01-01,MASA,44.01733173689948
Mazandaran,1805.0,99361,36.07,52.84,Alasht,1999-02-01,MASA,62.70472798498261
Mazandaran,23.7,99309,36.48,52.47,Amol,1999-02-01,MASA,44.62860617788422
Mazandaran,-21.0,40736,36.7,52.64,Babolsar,1999-02-01,MASA,20.910457707959296
Mazandaran,2120.0,99357,36.2,51.8,Baladeh,1999-02-01,MASA,46.50852177293885
Mazandaran,-20.0,99306,36.86,53.39,Bandar-E-Amirabad,1999-02-01,MASA,31.823501922207953
Mazandaran,-10.0,99299,36.74,53.84,Galugah,1999-02-01,MASA,41.224435903149725
Mazandaran,14.7,40737,36.49,52.11,Gharakhil,1999-02-01,MASA,56.92790541799653
Mazandaran,1294.3,40760,36.25,53.55,Kiyasar,1999-02-01,MASA,35.05507204683411
Mazandaran,1550.0,99348,36.39,51.73,Kojur,1999-02-01,MASA,47.43357095869172
Mazandaran,-20.9,40734,36.66,51.47,Nowshahr,1999-02-01,MASA,50.13693962247956
Mazandaran,610.0,99360,36.1,53.06,Polsefid,1999-02-01,MASA,50.92091951521027
Mazandaran,-20.0,40732,36.9,50.68,Ramsar,1999-02-01,MASA,51.3994405046283
Mazandaran,23.0,40759,36.54,53.0,Sari,1999-02-01,MASA,37.45368216188538
Mazandaran,16.7,40788,36.64,53.2,Sari (Dasht-E-Naz Airport),1999-02-01,MASA,34.100637771206976
Mazandaran,1855.4,40735,36.23,51.3,Siahbisheh,1999-02-01,MASA,70.2876308933078
Mazandaran,1805.0,99361,36.07,52.84,Alasht,1999-03-01,MASA,108.71651422986872
Mazandaran,23.7,99309,36.48,52.47,Amol,1999-03-01,MASA,89.26199030885584
Mazandaran,-21.0,40736,36.7,52.64,Babolsar,1999-03-01,MASA,47.332894325350594
Mazandaran,2120.0,99357,36.2,51.8,Baladeh,1999-03-01,MASA,58.445092558955025
Mazandaran,-20.0,99306,36.86,53.39,Bandar-E-Amirabad,1999-03-01,MASA,60.71658086786158
Mazandaran,-10.0,99299,36.74,53.84,Galugah,1999-03-01,MASA,84.70497679719813
Mazandaran,14.7,40737,36.49,52.11,Gharakhil,1999-03-01,MASA,109.39143252382166
Mazandaran,1294.3,40760,36.25,53.55,Kiyasar,1999-03-01,MASA,88.18554532537348
Mazandaran,1550.0,99348,36.39,51.73,Kojur,1999-03-01,MASA,92.12161254892237
Mazandaran,-20.9,40734,36.66,51.47,Nowshahr,1999-03-01,MASA,107.57460844526179
Mazandaran,610.0,99360,36.1,53.06,Polsefid,1999-03-01,MASA,104.08013713369257
Mazandaran,-20.0,40732,36.9,50.68,Ramsar,1999-03-01,MASA,105.25251579294093
Mazandaran,23.0,40759,36.54,53.0,Sari,1999-03-01,MASA,72.68060398111231
Mazandaran,16.7,40788,36.64,53.2,Sari (Dasht-E-Naz Airport),1999-03-01,MASA,67.28529584417231
Mazandaran,1855.4,40735,36.23,51.3,Siahbisheh,1999-03-01,MASA,69.21085369596369
Mazandaran,1805.0,99361,36.07,52.84,Alasht,1999-04-01,MASA,125.42598725466902
Mazandaran,23.7,99309,36.48,52.47,Amol,1999-04-01,MASA,65.47357917933638
Mazandaran,-21.0,40736,36.7,52.64,Babolsar,1999-04-01,MASA,25.43590248732741
Mazandaran,2120.0,99357,36.2,51.8,Baladeh,1999-04-01,MASA,90.81365944056685
Mazandaran,-20.0,99306,36.86,53.39,Bandar-E-Amirabad,1999-04-01,MASA,45.56255818514998
Mazandaran,-10.0,99299,36.74,53.84,Galugah,1999-04-01,MASA,87.24959970622237
Mazandaran,14.7,40737,36.49,52.11,Gharakhil,1999-04-01,MASA,124.26828623919661
Mazandaran,1294.3,40760,36.25,53.55,Kiyasar,1999-04-01,MASA,106.97073520331557
Mazandaran,1550.0,99348,36.39,51.73,Kojur,1999-04-01,MASA,104.10744727759536
Mazandaran,-20.9,40734,36.66,51.47,Nowshahr,1999-04-01,MASA,78.4355032554167
Mazandaran,610.0,99360,36.1,53.06,Polsefid,1999-04-01,MASA,126.97387517600234
Mazandaran,-20.0,40732,36.9,50.68,Ramsar,1999-04-01,MASA,118.1626248469847
Mazandaran,23.0,40759,36.54,53.0,Sari,1999-04-01,MASA,69.90941644816573
Mazandaran,16.7,40788,36.64,53.2,Sari (Dasht-E-Naz Airport),1999-04-01,MASA,55.23591519503768
Mazandaran,1855.4,40735,36.23,51.3,Siahbisheh,1999-04-01,MASA,77.30632306246932
Mazandaran,1805.0,99361,36.07,52.84,Alasht,1999-05-01,MASA,85.12730707665739
Mazandaran,23.7,99309,36.48,52.47,Amol,1999-05-01,MASA,52.6340584947711
Mazandaran,-21.0,40736,36.7,52.64,Babolsar,1999-05-01,MASA,28.45911492844877
Mazandaran,2120.0,99357,36.2,51.8,Baladeh,1999-05-01,MASA,64.08966888924894
Mazandaran,-20.0,99306,36.86,53.39,Bandar-E-Amirabad,1999-05-01,MASA,53.50534429093656
Mazandaran,-10.0,99299,36.74,53.84,Galugah,1999-05-01,MASA,69.65206374665556
Mazandaran,14.7,40737,36.49,52.11,Gharakhil,1999-05-01,MASA,95.48842718144712
Mazandaran,1294.3,40760,36.25,53.55,Kiyasar,1999-05-01,MASA,65.3431694700366
Mazandaran,1550.0,99348,36.39,51.73,Kojur,1999-05-01,MASA,98.35184921761808
Mazandaran,-20.9,40734,36.66,51.47,Nowshahr,1999-05-01,MASA,79.77226187726316
Mazandaran,610.0,99360,36.1,53.06,Polsefid,1999-05-01,MASA,89.86955692311582
Mazandaran,-20.0,40732,36.9,50.68,Ramsar,1999-05-01,MASA,89.39216842194853
Mazandaran,23.0,40759,36.54,53.0,Sari,1999-05-01,MASA,55.199814934933755
Mazandaran,16.7,40788,36.64,53.2,Sari (Dasht-E-Naz Airport),1999-05-01,MASA,49.46818758984861
Mazandaran,1855.4,40735,36.23,51.3,Siahbisheh,1999-05-01,MASA,64.35674240132627
Mazandaran,1805.0,99361,36.07,52.84,Alasht,1999-06-01,MASA,62.89136722226374
Mazandaran,23.7,99309,36.48,52.47,Amol,1999-06-01,MASA,20.72328641553156
Mazandaran,-21.0,40736,36.7,52.64,Babolsar,1999-06-01,MASA,6.471026088192389
Mazandaran,2120.0,99357,36.2,51.8,Baladeh,1999-06-01,MASA,76.98916211266749
Mazandaran,-20.0,99306,36.86,53.39,Bandar-E-Amirabad,1999-06-01,MASA,3.7707419647716733
Mazandaran,-10.0,99299,36.74,53.84,Galugah,1999-06-01,MASA,11.539164329960272
Mazandaran,14.7,40737,36.49,52.11,Gharakhil,1999-06-01,MASA,63.81391301293604
Mazandaran,1294.3,40760,36.25,53.55,Kiyasar,1999-06-01,MASA,22.675874973728583
Mazandaran,1550.0,99348,36.39,51.73,Kojur,1999-06-01,MASA,93.66998388905756
Mazandaran,-20.9,40734,36.66,51.47,Nowshahr,1999-06-01,MASA,34.601363684132025
Mazandaran,610.0,99360,36.1,53.06,Polsefid,1999-06-01,MASA,39.39667656560175
Mazandaran,-20.0,40732,36.9,50.68,Ramsar,1999-06-01,MASA,30.230540181591437
Mazandaran,23.0,40759,36.54,53.0,Sari,1999-06-01,MASA,20.1811374678158
Mazandaran,16.7,40788,36.64,53.2,Sari (Dasht-E-Naz Airport),1999-06-01,MASA,12.111279512836859
Mazandaran,1855.4,40735,36.23,51.3,Siahbisheh,1999-06-01,MASA,69.74211647649042
Mazandaran,1805.0,99361,36.07,52.84,Alasht,1999-07-01,MASA,120.64661948718225
Mazandaran,23.7,99309,36.48,52.47,Amol,1999-07-01,MASA,107.10793106593286
Mazandaran,-21.0,40736,36.7,52.64,Babolsar,1999-07-01,MASA,57.78072147406732
Mazandaran,2120.0,99357,36.2,51.8,Baladeh,1999-07-01,MASA,152.65833704508935
Mazandaran,-20.0,99306,36.86,53.39,Bandar-E-Amirabad,1999-07-01,MASA,52.607083011046996
Mazandaran,-10.0,99299,36.74,53.84,Galugah,1999-07-01,MASA,55.22029964961206
Mazandaran,14.7,40737,36.49,52.11,Gharakhil,1999-07-01,MASA,182.1089026216427
Mazandaran,1294.3,40760,36.25,53.55,Kiyasar,1999-07-01,MASA,94.75105373896753
Mazandaran,1550.0,99348,36.39,51.73,Kojur,1999-07-01,MASA,184.62146191634332
Mazandaran,-20.9,40734,36.66,51.47,Nowshahr,1999-07-01,MASA,105.1096555475155
Mazandaran,610.0,99360,36.1,53.06,Polsefid,1999-07-01,MASA,115.64517884291803
Mazandaran,-20.0,40732,36.9,50.68,Ramsar,1999-07-01,MASA,101.6287144903103
Mazandaran,23.0,40759,36.54,53.0,Sari,1999-07-01,MASA,90.28806655444299
Mazandaran,16.7,40788,36.64,53.2,Sari (Dasht-E-Naz Airport),1999-07-01,MASA,82.96183614768182
Mazandaran,1855.4,40735,36.23,51.3,Siahbisheh,1999-07-01,MASA,107.96215503253137
Mazandaran,1805.0,99361,36.07,52.84,Alasht,1999-08-01,MASA,64.65703789805133
Mazandaran,23.7,99309,36.48,52.47,Amol,1999-08-01,MASA,56.38595466231067
Mazandaran,-21.0,40736,36.7,52.64,Babolsar,1999-08-01,MASA,15.142759128558225
Mazandaran,2120.0,99357,36.2,51.8,Baladeh,1999-08-01,MASA,104.23681680773456
Mazandaran,-20.0,99306,36.86,53.39,Bandar-E-Amirabad,1999-08-01,MASA,6.768187328326292
Mazandaran,-10.0,99299,36.74,53.84,Galugah,1999-08-01,MASA,21.965673013674802
Mazandaran,14.7,40737,36.49,52.11,Gharakhil,1999-08-01,MASA,103.27190701578814
Mazandaran,1294.3,40760,36.25,53.55,Kiyasar,1999-08-01,MASA,39.73866049860675
Mazandaran,1550.0,99348,36.39,51.73,Kojur,1999-08-01,MASA,151.50395576571185
Mazandaran,-20.9,40734,36.66,51.47,Nowshahr,1999-08-01,MASA,94.39498726938922
Mazandaran,610.0,99360,36.1,53.06,Polsefid,1999-08-01,MASA,49.18845538710315
Mazandaran,-20.0,40732,36.9,50.68,Ramsar,1999-08-01,MASA,87.03430537794787
Mazandaran,23.0,40759,36.54,53.0,Sari,1999-08-01,MASA,98.21112994765002
Mazandaran,16.7,40788,36.64,53.2,Sari (Dasht-E-Naz Airport),1999-08-01,MASA,52.22693626497943
Mazandaran,1855.4,40735,36.23,51.3,Siahbisheh,1999-08-01,MASA,76.34710316275317
Mazandaran,1805.0,99361,36.07,52.84,Alasht,1999-09-01,MASA,172.3972976616679
Mazandaran,23.7,99309,36.48,52.47,Amol,1999-09-01,MASA,95.21868531025035
Mazandaran,-21.0,40736,36.7,52.64,Babolsar,1999-09-01,MASA,41.3218558243571
Mazandaran,2120.0,99357,36.2,51.8,Baladeh,1999-09-01,MASA,116.22099284446819
Mazandaran,-20.0,99306,36.86,53.39,Bandar-E-Amirabad,1999-09-01,MASA,94.21804253376109
Mazandaran,-10.0,99299,36.74,53.84,Galugah,1999-09-01,MASA,129.46091298378093
Mazandaran,14.7,40737,36.49,52.11,Gharakhil,1999-09-01,MASA,190.54899815834148
Mazandaran,1294.3,40760,36.25,53.55,Kiyasar,1999-09-01,MASA,131.80440370357616
Mazandaran,1550.0,99348,36.39,51.73,Kojur,1999-09-01,MASA,229.33114771164043
Mazandaran,-20.9,40734,36.66,51.47,Nowshahr,1999-09-01,MASA,121.77648846424205
Mazandaran,610.0,99360,36.1,53.06,Polsefid,1999-09-01,MASA,158.702907007104
Mazandaran,-20.0,40732,36.9,50.68,Ramsar,1999-09-01,MASA,155.97943667686565
Mazandaran,23.0,40759,36.54,53.0,Sari,1999-09-01,MASA,110.29067341602428
Mazandaran,16.7,40788,36.64,53.2,Sari (Dasht-E-Naz Airport),1999-09-01,MASA,103.84387974060161
Mazandaran,1855.4,40735,36.23,51.3,Siahbisheh,1999-09-01,MASA,77.52689425266368
Mazandaran,1805.0,99361,36.07,52.84,Alasht,1999-10-01,MASA,111.87927786456342
Mazandaran,23.7,99309,36.48,52.47,Amol,1999-10-01,MASA,155.872139969933
Mazandaran,-21.0,40736,36.7,52.64,Babolsar,1999-10-01,MASA,93.93605951415296
Mazandaran,2120.0,99357,36.2,51.8,Baladeh,1999-10-01,MASA,95.65614525424238
Mazandaran,-20.0,99306,36.86,53.39,Bandar-E-Amirabad,1999-10-01,MASA,87.36820880519147
Mazandaran,-10.0,99299,36.74,53.84,Galugah,1999-10-01,MASA,112.09380988227124
Mazandaran,14.7,40737,36.49,52.11,Gharakhil,1999-10-01,MASA,228.13350323783155
Mazandaran,1294.3,40760,36.25,53.55,Kiyasar,1999-10-01,MASA,71.9383693133473
Mazandaran,1550.0,99348,36.39,51.73,Kojur,1999-10-01,MASA,140.0179750119328
Mazandaran,-20.9,40734,36.66,51.47,Nowshahr,1999-10-01,MASA,218.01549557791944
Mazandaran,610.0,99360,36.1,53.06,Polsefid,1999-10-01,MASA,91.40561882601972
Mazandaran,-20.0,40732,36.9,50.68,Ramsar,1999-10-01,MASA,321.5258455668568
Mazandaran,23.0,40759,36.54,53.0,Sari,1999-10-01,MASA,120.17296616183515
Mazandaran,16.7,40788,36.64,53.2,Sari (Dasht-E-Naz Airport),1999-10-01,MASA,100.09411338912244
Mazandaran,1855.4,40735,36.23,51.3,Siahbisheh,1999-10-01,MASA,77.56938401805158
Mazandaran,1805.0,99361,36.07,52.84,Alasht,1999-11-01,MASA,132.00509990419107
Mazandaran,23.7,99309,36.48,52.47,Amol,1999-11-01,MASA,141.82429457868295
Mazandaran,-21.0,40736,36.7,52.64,Babolsar,1999-11-01,MASA,98.40061212743478
Mazandaran,2120.0,99357,36.2,51.8,Baladeh,1999-11-01,MASA,76.23140956128793
Mazandaran,-20.0,99306,36.86,53.39,Bandar-E-Amirabad,1999-11-01,MASA,113.14574326242166
Mazandaran,-10.0,99299,36.74,53.84,Galugah,1999-11-01,MASA,97.54246915544229
Mazandaran,14.7,40737,36.49,52.11,Gharakhil,1999-11-01,MASA,200.3331377622004
Mazandaran,1294.3,40760,36.25,53.55,Kiyasar,1999-11-01,MASA,78.96876777375894
Mazandaran,1550.0,99348,36.39,51.73,Kojur,1999-11-01,MASA,113.214184295785
Mazandaran,-20.9,40734,36.66,51.47,Nowshahr,1999-11-01,MASA,265.67405904496866
Mazandaran,610.0,99360,36.1,53.06,Polsefid,1999-11-01,MASA,112.03155363763528
Mazandaran,-20.0,40732,36.9,50.68,Ramsar,1999-11-01,MASA,296.71870614255624
Mazandaran,23.0,40759,36.54,53.0,Sari,1999-11-01,MASA,102.5836660977717
Mazandaran,16.7,40788,36.64,53.2,Sari (Dasht-E-Naz Airport),1999-11-01,MASA,96.7276885625239
Mazandaran,1855.4,40735,36.23,51.3,Siahbisheh,1999-11-01,MASA,80.8505311128016
Mazandaran,1805.0,99361,36.07,52.84,Alasht,1999-12-01,MASA,35.44547918545504
Mazandaran,23.7,99309,36.48,52.47,Amol,1999-12-01,MASA,50.078359873168665
Mazandaran,-21.0,40736,36.7,52.64,Babolsar,1999-12-01,MASA,35.63976052510043
Mazandaran,2120.0,99357,36.2,51.8,Baladeh,1999-12-01,MASA,35.089505345695216
Mazandaran,-20.0,99306,36.86,53.39,Bandar-E-Amirabad,1999-12-01,MASA,35.36076608406802
Mazandaran,-10.0,99299,36.74,53.84,Galugah,1999-12-01,MASA,35.80268982159396
Mazandaran,14.7,40737,36.49,52.11,Gharakhil,1999-12-01,MASA,55.95834317909976
Mazandaran,1294.3,40760,36.25,53.55,Kiyasar,1999-12-01,MASA,37.48091819988986
Mazandaran,1550.0,99348,36.39,51.73,Kojur,1999-12-01,MASA,38.803083331458765
Mazandaran,-20.9,40734,36.66,51.47,Nowshahr,1999-12-01,MASA,78.80599561440249
Mazandaran,610.0,99360,36.1,53.06,Polsefid,1999-12-01,MASA,33.77920153843661
Mazandaran,-20.0,40732,36.9,50.68,Ramsar,1999-12-01,MASA,75.80634716259738
Mazandaran,23.0,40759,36.54,53.0,Sari,1999-12-01,MASA,46.82057860600253
Mazandaran,16.7,40788,36.64,53.2,Sari (Dasht-E-Naz Airport),1999-12-01,MASA,43.47054424988528
Mazandaran,1855.4,40735,36.23,51.3,Siahbisheh,1999-12-01,MASA,34.15676716076632
Mazandaran,1805.0,99361,36.07,52.84,Alasht,2000-01-01,MASA,83.1410665628205
Mazandaran,23.7,99309,36.48,52.47,Amol,2000-01-01,MASA,108.5026193973313
Mazandaran,-21.0,40736,36.7,52.64,Babolsar,2000-01-01,MASA,60.24473203389746
Mazandaran,2120.0,99357,36.2,51.8,Baladeh,2000-01-01,MASA,89.80984283654792
Mazandaran,-20.0,99306,36.86,53.39,Bandar-E-Amirabad,2000-01-01,MASA,84.84267486302954
Mazandaran,-10.0,99299,36.74,53.84,Galugah,2000-01-01,MASA,88.34113968579871
Mazandaran,14.7,40737,36.49,52.11,Gharakhil,2000-01-01,MASA,142.26443363397223
Mazandaran,1294.3,40760,36.25,53.55,Kiyasar,2000-01-01,MASA,72.68092824189765
Mazandaran,1550.0,99348,36.39,51.73,Kojur,2000-01-01,MASA,102.53263307778937
Mazandaran,-20.9,40734,36.66,51.47,Nowshahr,2000-01-01,MASA,182.6395173188935
Mazandaran,610.0,99360,36.1,53.06,Polsefid,2000-01-01,MASA,73.9601035234223
Mazandaran,-20.0,40732,36.9,50.68,Ramsar,2000-01-01,MASA,226.678573023964
Mazandaran,23.0,40759,36.54,53.0,Sari,2000-01-01,MASA,73.97034062116248
Mazandaran,16.7,40788,36.64,53.2,Sari (Dasht-E-Naz Airport),2000-01-01,MASA,73.56522275178534
Mazandaran,1855.4,40735,36.23,51.3,Siahbisheh,2000-01-01,MASA,112.77598930566413
Mazandaran,1805.0,99361,36.07,52.84,Alasht,2000-02-01,MASA,58.38725193427763
Mazandaran,23.7,99309,36.48,52.47,Amol,2000-02-01,MASA,96.34281917499266
Mazandaran,-21.0,40736,36.7,52.64,Babolsar,2000-02-01,MASA,78.78670319007597
Mazandaran,2120.0,99357,36.2,51.8,Baladeh,2000-02-01,MASA,40.412428220975016
Mazandaran,-20.0,99306,36.86,53.39,Bandar-E-Amirabad,2000-02-01,MASA,102.42167337821684
Mazandaran,-10.0,99299,36.74,53.84,Galugah,2000-02-01,MASA,108.11490043090544
Mazandaran,14.7,40737,36.49,52.11,Gharakhil,2000-02-01,MASA,94.24561484740934
Mazandaran,1294.3,40760,36.25,53.55,Kiyasar,2000-02-01,MASA,87.42200060771665
Mazandaran,1550.0,99348,36.39,51.73,Kojur,2000-02-01,MASA,51.90150662349424
Mazandaran,-20.9,40734,36.66,51.47,Nowshahr,2000-02-01,MASA,123.54915066646299
Mazandaran,610.0,99360,36.1,53.06,Polsefid,2000-02-01,MASA,57.96671136306486
Mazandaran,-20.0,40732,36.9,50.68,Ramsar,2000-02-01,MASA,117.84745975421629
Mazandaran,23.0,40759,36.54,53.0,Sari,2000-02-01,MASA,103.06076928065977
Mazandaran,16.7,40788,36.64,53.2,Sari (Dasht-E-Naz Airport),2000-02-01,MASA,113.31239565299711
Mazandaran,1855.4,40735,36.23,51.3,Siahbisheh,2000-02-01,MASA,53.21194454120359
Mazandaran,1805.0,99361,36.07,52.84,Alasht,2000-03-01,MASA,91.17666098490318
Mazandaran,23.7,99309,36.48,52.47,Amol,2000-03-01,MASA,98.5296538771685
Mazandaran,-21.0,40736,36.7,52.64,Babolsar,2000-03-01,MASA,63.31937226667961
Mazandaran,2120.0,99357,36.2,51.8,Baladeh,2000-03-01,MASA,66.24794217959007
Mazandaran,-20.0,99306,36.86,53.39,Bandar-E-Amirabad,2000-03-01,MASA,89.91877946272453
Mazandaran,-10.0,99299,36.74,53.84,Galugah,2000-03-01,MASA,99.76601812258323
Mazandaran,14.7,40737,36.49,52.11,Gharakhil,2000-03-01,MASA,121.41765865698417
Mazandaran,1294.3,40760,36.25,53.55,Kiyasar,2000-03-01,MASA,86.8586173953112
Mazandaran,1550.0,99348,36.39,51.73,Kojur,2000-03-01,MASA,81.64887341871818
Mazandaran,-20.9,40734,36.66,51.47,Nowshahr,2000-03-01,MASA,118.14777764692863
Mazandaran,610.0,99360,36.1,53.06,Polsefid,2000-03-01,MASA,87.63918492212852
Mazandaran,-20.0,40732,36.9,50.68,Ramsar,2000-03-01,MASA,139.22958287611564
Mazandaran,23.0,40759,36.54,53.0,Sari,2000-03-01,MASA,92.15250822916587
Mazandaran,16.7,40788,36.64,53.2,Sari (Dasht-E-Naz Airport),2000-03-01,MASA,90.87275180235466
Mazandaran,1855.4,40735,36.23,51.3,Siahbisheh,2000-03-01,MASA,81.93551215544304
Mazandaran,1805.0,99361,36.07,52.84,Alasht,2000-04-01,MASA,69.77361883070543
Mazandaran,23.7,99309,36.48,52.47,Amol,2000-04-01,MASA,5.995888961816576
Mazandaran,-21.0,40736,36.7,52.64,Babolsar,2000-04-01,MASA,1.1114373340852524
Mazandaran,2120.0,99357,36.2,51.8,Baladeh,2000-04-01,MASA,59.45647205259874
Mazandaran,-20.0,99306,36.86,53.39,Bandar-E-Amirabad,2000-04-01,MASA,1.9264265432603622
Mazandaran,-10.0,99299,36.74,53.84,Galugah,2000-04-01,MASA,8.652646793390062
Mazandaran,14.7,40737,36.49,52.11,Gharakhil,2000-04-01,MASA,100.1740291252382
Mazandaran,1294.3,40760,36.25,53.55,Kiyasar,2000-04-01,MASA,26.680250419641283
Mazandaran,1550.0,99348,36.39,51.73,Kojur,2000-04-01,MASA,73.76622105982378
Mazandaran,-20.9,40734,36.66,51.47,Nowshahr,2000-04-01,MASA,7.516999496484544
Mazandaran,610.0,99360,36.1,53.06,Polsefid,2000-04-01,MASA,62.78358842279985
Mazandaran,-20.0,40732,36.9,50.68,Ramsar,2000-04-01,MASA,24.422083748842027
Mazandaran,23.0,40759,36.54,53.0,Sari,2000-04-01,MASA,4.837562097574022
Mazandaran,16.7,40788,36.64,53.2,Sari (Dasht-E-Naz Airport),2000-04-01,MASA,3.5441115036256576
Mazandaran,1855.4,40735,36.23,51.3,Siahbisheh,2000-04-01,MASA,33.992429031396654
Mazandaran,1805.0,99361,36.07,52.84,Alasht,2000-05-01,MASA,88.87939854531623
Mazandaran,23.7,99309,36.48,52.47,Amol,2000-05-01,MASA,49.97629626660682
Mazandaran,-21.0,40736,36.7,52.64,Babolsar,2000-05-01,MASA,20.067519983342663
Mazandaran,2120.0,99357,36.2,51.8,Baladeh,2000-05-01,MASA,78.91953690915443
Mazandaran,-20.0,99306,36.86,53.39,Bandar-E-Amirabad,2000-05-01,MASA,23.276276430181042
Mazandaran,-10.0,99299,36.74,53.84,Galugah,2000-05-01,MASA,48.021010598233715
Mazandaran,14.7,40737,36.49,52.11,Gharakhil,2000-05-01,MASA,141.3825522270713
Mazandaran,1294.3,40760,36.25,53.55,Kiyasar,2000-05-01,MASA,33.91980334191658
Mazandaran,1550.0,99348,36.39,51.73,Kojur,2000-05-01,MASA,141.11716254620887
Mazandaran,-20.9,40734,36.66,51.47,Nowshahr,2000-05-01,MASA,69.3111638632331
Mazandaran,610.0,99360,36.1,53.06,Polsefid,2000-05-01,MASA,70.8547453489814
Mazandaran,-20.0,40732,36.9,50.68,Ramsar,2000-05-01,MASA,89.96780916123726
Mazandaran,23.0,40759,36.54,53.0,Sari,2000-05-01,MASA,38.48133190541603
Mazandaran,16.7,40788,36.64,53.2,Sari (Dasht-E-Naz Airport),2000-05-01,MASA,31.968019446424023
Mazandaran,1855.4,40735,36.23,51.3,Siahbisheh,2000-05-01,MASA,80.22224112420417
Mazandaran,1805.0,99361,36.07,52.84,Alasht,2000-06-01,MASA,73.56828226479095
Mazandaran,23.7,99309,36.48,52.47,Amol,2000-06-01,MASA,65.2547754231314
Mazandaran,-21.0,40736,36.7,52.64,Babolsar,2000-06-01,MASA,30.613941687665402
Mazandaran,2120.0,99357,36.2,51.8,Baladeh,2000-06-01,MASA,97.62824847134155
Mazandaran,-20.0,99306,36.86,53.39,Bandar-E-Amirabad,2000-06-01,MASA,40.854109067044675
Mazandaran,-10.0,99299,36.74,53.84,Galugah,2000-06-01,MASA,68.53046788605255
Mazandaran,14.7,40737,36.49,52.11,Gharakhil,2000-06-01,MASA,99.3407495203833
Mazandaran,1294.3,40760,36.25,53.55,Kiyasar,2000-06-01,MASA,79.8833794775824
Mazandaran,1550.0,99348,36.39,51.73,Kojur,2000-06-01,MASA,130.64533247383636
Mazandaran,-20.9,40734,36.66,51.47,Nowshahr,2000-06-01,MASA,105.16749097736877
Mazandaran,610.0,99360,36.1,53.06,Polsefid,2000-06-01,MASA,73.8999970141272
Mazandaran,-20.0,40732,36.9,50.68,Ramsar,2000-06-01,MASA,95.21174206169647
Mazandaran,23.0,40759,36.54,53.0,Sari,2000-06-01,MASA,69.54569889935058
Mazandaran,16.7,40788,36.64,53.2,Sari (Dasht-E-Naz Airport),2000-06-01,MASA,57.450754183850705
Mazandaran,1855.4,40735,36.23,51.3,Siahbisheh,2000-06-01,MASA,77.65206469925445
Mazandaran,1805.0,99361,36.07,52.84,Alasht,2000-07-01,MASA,85.071900194162
Mazandaran,23.7,99309,36.48,52.47,Amol,2000-07-01,MASA,72.73877531813966
Mazandaran,-21.0,40736,36.7,52.64,Babolsar,2000-07-01,MASA,21.765196030610667
Mazandaran,2120.0,99357,36.2,51.8,Baladeh,2000-07-01,MASA,143.64356667327272
Mazandaran,-20.0,99306,36.86,53.39,Bandar-E-Amirabad,2000-07-01,MASA,10.962167089456187
Mazandaran,-10.0,99299,36.74,53.84,Galugah,2000-07-01,MASA,17.48720676230775
Mazandaran,14.7,40737,36.49,52.11,Gharakhil,2000-07-01,MASA,153.17710608767854
Mazandaran,1294.3,40760,36.25,53.55,Kiyasar,2000-07-01,MASA,37.01540202426301
Mazandaran,1550.0,99348,36.39,51.73,Kojur,2000-07-01,MASA,176.26265556144105
Mazandaran,-20.9,40734,36.66,51.47,Nowshahr,2000-07-01,MASA,72.8445288591324
Mazandaran,610.0,99360,36.1,53.06,Polsefid,2000-07-01,MASA,47.15780288504945
Mazandaran,-20.0,40732,36.9,50.68,Ramsar,2000-07-01,MASA,37.88309664058076
Mazandaran,23.0,40759,36.54,53.0,Sari,2000-07-01,MASA,46.07667893695222
Mazandaran,16.7,40788,36.64,53.2,Sari (Dasht-E-Naz Airport),2000-07-01,MASA,31.24947220610963
Mazandaran,1855.4,40735,36.23,51.3,Siahbisheh,2000-07-01,MASA,105.8119919948517
Mazandaran,1805.0,99361,36.07,52.84,Alasht,2000-08-01,MASA,239.60334376189962
Mazandaran,23.7,99309,36.48,52.47,Amol,2000-08-01,MASA,135.38237229678884
Mazandaran,-21.0,40736,36.7,52.64,Babolsar,2000-08-01,MASA,44.48148921821371
Mazandaran,2120.0,99357,36.2,51.8,Baladeh,2000-08-01,MASA,176.32174805495993
Mazandaran,-20.0,99306,36.86,53.39,Bandar-E-Amirabad,2000-08-01,MASA,46.050745404699
Mazandaran,-10.0,99299,36.74,53.84,Galugah,2000-08-01,MASA,89.17098060939566
Mazandaran,14.7,40737,36.49,52.11,Gharakhil,2000-08-01,MASA,250.38618162963644
Mazandaran,1294.3,40760,36.25,53.55,Kiyasar,2000-08-01,MASA,127.16262356136099
Mazandaran,1550.0,99348,36.39,51.73,Kojur,2000-08-01,MASA,356.1498554119851
Mazandaran,-20.9,40734,36.66,51.47,Nowshahr,2000-08-01,MASA,119.29744795654074
Mazandaran,610.0,99360,36.1,53.06,Polsefid,2000-08-01,MASA,200.39943174217
Mazandaran,-20.0,40732,36.9,50.68,Ramsar,2000-08-01,MASA,123.05292800758139
Mazandaran,23.0,40759,36.54,53.0,Sari,2000-08-01,MASA,144.25514952037588
Mazandaran,16.7,40788,36.64,53.2,Sari (Dasht-E-Naz Airport),2000-08-01,MASA,101.49324253890768
Mazandaran,1855.4,40735,36.23,51.3,Siahbisheh,2000-08-01,MASA,108.01698581073538
Mazandaran,1805.0,99361,36.07,52.84,Alasht,2000-09-01,MASA,360.9555447179389
Mazandaran,23.7,99309,36.48,52.47,Amol,2000-09-01,MASA,208.01604629340886
Mazandaran,-21.0,40736,36.7,52.64,Babolsar,2000-09-01,MASA,127.10072935405492
Mazandaran,2120.0,99357,36.2,51.8,Baladeh,2000-09-01,MASA,228.33009899440526
Mazandaran,-20.0,99306,36.86,53.39,Bandar-E-Amirabad,2000-09-01,MASA,102.78228760543584
Mazandaran,-10.0,99299,36.74,53.84,Galugah,2000-09-01,MASA,169.44984436813115
Mazandaran,14.7,40737,36.49,52.11,Gharakhil,2000-09-01,MASA,436.17250860515355
Mazandaran,1294.3,40760,36.25,53.55,Kiyasar,2000-09-01,MASA,142.27920115772008
Mazandaran,1550.0,99348,36.39,51.73,Kojur,2000-09-01,MASA,447.4699431735587
Mazandaran,-20.9,40734,36.66,51.47,Nowshahr,2000-09-01,MASA,288.3600527125907
Mazandaran,610.0,99360,36.1,53.06,Polsefid,2000-09-01,MASA,251.6410434323859
Mazandaran,-20.0,40732,36.9,50.68,Ramsar,2000-09-01,MASA,272.1544289666724
Mazandaran,23.0,40759,36.54,53.0,Sari,2000-09-01,MASA,194.48620916190862
Mazandaran,16.7,40788,36.64,53.2,Sari (Dasht-E-Naz Airport),2000-09-01,MASA,148.03942383113622
Mazandaran,1855.4,40735,36.23,51.3,Siahbisheh,2000-09-01,MASA,124.29455757919072
Mazandaran,1805.0,99361,36.07,52.84,Alasht,2000-10-01,MASA,173.11226027362636
Mazandaran,23.7,99309,36.48,52.47,Amol,2000-10-01,MASA,147.82855110519222
Mazandaran,-21.0,40736,36.7,52.64,Babolsar,2000-10-01,MASA,95.61154442184261
Mazandaran,2120.0,99357,36.2,51.8,Baladeh,2000-10-01,MASA,128.43571799152187
Mazandaran,-20.0,99306,36.86,53.39,Bandar-E-Amirabad,2000-10-01,MASA,87.04185681693843
Mazandaran,-10.0,99299,36.74,53.84,Galugah,2000-10-01,MASA,106.90668421142391
Mazandaran,14.7,40737,36.49,52.11,Gharakhil,2000-10-01,MASA,286.19444566123775
Mazandaran,1294.3,40760,36.25,53.55,Kiyasar,2000-10-01,MASA,97.07586663120082
Mazandaran,1550.0,99348,36.39,51.73,Kojur,2000-10-01,MASA,228.6033053910046
Mazandaran,-20.9,40734,36.66,51.47,Nowshahr,2000-10-01,MASA,288.49050598495296
Mazandaran,610.0,99360,36.1,53.06,Polsefid,2000-10-01,MASA,145.15043990962795
Mazandaran,-20.0,40732,36.9,50.68,Ramsar,2000-10-01,MASA,400.09433226936153
Mazandaran,23.0,40759,36.54,53.0,Sari,2000-10-01,MASA,100.04335837714962
Mazandaran,16.7,40788,36.64,53.2,Sari (Dasht-E-Naz Airport),2000-10-01,MASA,95.86022990100673
Mazandaran,1855.4,40735,36.23,51.3,Siahbisheh,2000-10-01,MASA,114.78440659396938
Mazandaran,1805.0,99361,36.07,52.84,Alasht,2000-11-01,MASA,139.89569895128895
Mazandaran,23.7,99309,36.48,52.47,Amol,2000-11-01,MASA,153.86605166058231
Mazandaran,-21.0,40736,36.7,52.64,Babolsar,2000-11-01,MASA,76.3960023985355
Mazandaran,2120.0,99357,36.2,51.8,Baladeh,2000-11-01,MASA,97.31250904659916
Mazandaran,-20.0,99306,36.86,53.39,Bandar-E-Amirabad,2000-11-01,MASA,68.66668068031956
Mazandaran,-10.0,99299,36.74,53.84,Galugah,2000-11-01,MASA,76.85106896023441
Mazandaran,14.7,40737,36.49,52.11,Gharakhil,2000-11-01,MASA,231.75991974930454
Mazandaran,1294.3,40760,36.25,53.55,Kiyasar,2000-11-01,MASA,88.46428148607899
Mazandaran,1550.0,99348,36.39,51.73,Kojur,2000-11-01,MASA,158.19270812134434
Mazandaran,-20.9,40734,36.66,51.47,Nowshahr,2000-11-01,MASA,270.3450163469761
Mazandaran,610.0,99360,36.1,53.06,Polsefid,2000-11-01,MASA,121.91874437193562
Mazandaran,-20.0,40732,36.9,50.68,Ramsar,2000-11-01,MASA,332.1021413073986
Mazandaran,23.0,40759,36.54,53.0,Sari,2000-11-01,MASA,97.37238191227604
Mazandaran,16.7,40788,36.64,53.2,Sari (Dasht-E-Naz Airport),2000-11-01,MASA,76.68562136749912
Mazandaran,1855.4,40735,36.23,51.3,Siahbisheh,2000-11-01,MASA,69.89849262098957
Mazandaran,1805.0,99361,36.07,52.84,Alasht,2000-12-01,MASA,91.72002139280266
Mazandaran,23.7,99309,36.48,52.47,Amol,2000-12-01,MASA,102.08126070688195
Mazandaran,-21.0,40736,36.7,52.64,Babolsar,2000-12-01,MASA,47.54669132421441
Mazandaran,2120.0,99357,36.2,51.8,Baladeh,2000-12-01,MASA,65.96302154252953
Mazandaran,-20.0,99306,36.86,53.39,Bandar-E-Amirabad,2000-12-01,MASA,62.8592735786242
Mazandaran,-10.0,99299,36.74,53.84,Galugah,2000-12-01,MASA,80.48077585885949
Mazandaran,14.7,40737,36.49,52.11,Gharakhil,2000-12-01,MASA,137.2654801864428
Mazandaran,1294.3,40760,36.25,53.55,Kiyasar,2000-12-01,MASA,71.00611093233056
Mazandaran,1550.0,99348,36.39,51.73,Kojur,2000-12-01,MASA,80.3114539642138
Mazandaran,-20.9,40734,36.66,51.47,Nowshahr,2000-12-01,MASA,169.43579080293603
Mazandaran,610.0,99360,36.1,53.06,Polsefid,2000-12-01,MASA,86.91426279733605
Mazandaran,-20.0,40732,36.9,50.68,Ramsar,2000-12-01,MASA,301.1501497287554
Mazandaran,23.0,40759,36.54,53.0,Sari,2000-12-01,MASA,64.21954097936577
Mazandaran,16.7,40788,36.64,53.2,Sari (Dasht-E-Naz Airport),2000-12-01,MASA,57.998291279773184
Mazandaran,1855.4,40735,36.23,51.3,Siahbisheh,2000-12-01,MASA,73.82478478143639
Mazandaran,1805.0,99361,36.07,52.84,Alasht,2001-01-01,MASA,62.8533420777444
Mazandaran,23.7,99309,36.48,52.47,Amol,2001-01-01,MASA,79.80374076129237
Mazandaran,-21.0,40736,36.7,52.64,Babolsar,2001-01-01,MASA,41.336378238213456
Mazandaran,2120.0,99357,36.2,51.8,Baladeh,2001-01-01,MASA,43.63960602046291
Mazandaran,-20.0,99306,36.86,53.39,Bandar-E-Amirabad,2001-01-01,MASA,31.355163238060868
Mazandaran,-10.0,99299,36.74,53.84,Galugah,2001-01-01,MASA,51.25213243724147
Mazandaran,14.7,40737,36.49,52.11,Gharakhil,2001-01-01,MASA,101.46648266078273
Mazandaran,1294.3,40760,36.25,53.55,Kiyasar,2001-01-01,MASA,54.12109770537654
Mazandaran,1550.0,99348,36.39,51.73,Kojur,2001-01-01,MASA,61.48848511935512
Mazandaran,-20.9,40734,36.66,51.47,Nowshahr,2001-01-01,MASA,151.71440520049373
Mazandaran,610.0,99360,36.1,53.06,Polsefid,2001-01-01,MASA,62.437808296692765
Mazandaran,-20.0,40732,36.9,50.68,Ramsar,2001-01-01,MASA,217.39188410998622
Mazandaran,23.0,40759,36.54,53.0,Sari,2001-01-01,MASA,57.43697860003749
Mazandaran,16.7,40788,36.64,53.2,Sari (Dasht-E-Naz Airport),2001-01-01,MASA,51.45060100318233
Mazandaran,1855.4,40735,36.23,51.3,Siahbisheh,2001-01-01,MASA,48.31670799018184
Mazandaran,1805.0,99361,36.07,52.84,Alasht,2001-02-01,MASA,49.821468795887114
Mazandaran,23.7,99309,36.48,52.47,Amol,2001-02-01,MASA,50.41528006946194
Mazandaran,-21.0,40736,36.7,52.64,Babolsar,2001-02-01,MASA,19.12147065555203
Mazandaran,2120.0,99357,36.2,51.8,Baladeh,2001-02-01,MASA,26.711108888736845
Mazandaran,-20.0,99306,36.86,53.39,Bandar-E-Amirabad,2001-02-01,MASA,25.550829972377898
Mazandaran,-10.0,99299,36.74,53.84,Galugah,2001-02-01,MASA,44.713961686245085
Mazandaran,14.7,40737,36.49,52.11,Gharakhil,2001-02-01,MASA,57.49672910129178
Mazandaran,1294.3,40760,36.25,53.55,Kiyasar,2001-02-01,MASA,43.10247560893643
Mazandaran,1550.0,99348,36.39,51.73,Kojur,2001-02-01,MASA,29.169055427662016
Mazandaran,-20.9,40734,36.66,51.47,Nowshahr,2001-02-01,MASA,57.00047573005307
Mazandaran,610.0,99360,36.1,53.06,Polsefid,2001-02-01,MASA,44.93600388919461
Mazandaran,-20.0,40732,36.9,50.68,Ramsar,2001-02-01,MASA,67.34457870875943
Mazandaran,23.0,40759,36.54,53.0,Sari,2001-02-01,MASA,39.91888722335446
Mazandaran,16.7,40788,36.64,53.2,Sari (Dasht-E-Naz Airport),2001-02-01,MASA,38.24211915885556
Mazandaran,1855.4,40735,36.23,51.3,Siahbisheh,2001-02-01,MASA,32.88640340720761
Mazandaran,1805.0,99361,36.07,52.84,Alasht,2001-03-01,MASA,76.76079703754013
Mazandaran,23.7,99309,36.48,52.47,Amol,2001-03-01,MASA,63.07293309157913
Mazandaran,-21.0,40736,36.7,52.64,Babolsar,2001-03-01,MASA,39.73209692424362
Mazandaran,2120.0,99357,36.2,51.8,Baladeh,2001-03-01,MASA,54.36856879180496
Mazandaran,-20.0,99306,36.86,53.39,Bandar-E-Amirabad,2001-03-01,MASA,53.22810841983383
Mazandaran,-10.0,99299,36.74,53.84,Galugah,2001-03-01,MASA,76.06741620486801
Mazandaran,14.7,40737,36.49,52.11,Gharakhil,2001-03-01,MASA,76.60569085067337
Mazandaran,1294.3,40760,36.25,53.55,Kiyasar,2001-03-01,MASA,79.16170193141525
Mazandaran,1550.0,99348,36.39,51.73,Kojur,2001-03-01,MASA,55.18948866313522
Mazandaran,-20.9,40734,36.66,51.47,Nowshahr,2001-03-01,MASA,79.42238284534042
Mazandaran,610.0,99360,36.1,53.06,Polsefid,2001-03-01,MASA,75.2744658130986
Mazandaran,-20.0,40732,36.9,50.68,Ramsar,2001-03-01,MASA,82.70793987697189
Mazandaran,23.0,40759,36.54,53.0,Sari,2001-03-01,MASA,67.38971008246963
Mazandaran,16.7,40788,36.64,53.2,Sari (Dasht-E-Naz Airport),2001-03-01,MASA,61.91071702426498
Mazandaran,1855.4,40735,36.23,51.3,Siahbisheh,2001-03-01,MASA,60.32615734523361
Mazandaran,1805.0,99361,36.07,52.84,Alasht,2001-04-01,MASA,97.08682411853431
Mazandaran,23.7,99309,36.48,52.47,Amol,2001-04-01,MASA,44.308595001140816
Mazandaran,-21.0,40736,36.7,52.64,Babolsar,2001-04-01,MASA,17.286009728351814
Mazandaran,2120.0,99357,36.2,51.8,Baladeh,2001-04-01,MASA,73.97351378146766
Mazandaran,-20.0,99306,36.86,53.39,Bandar-E-Amirabad,2001-04-01,MASA,22.349305092731697
Mazandaran,-10.0,99299,36.74,53.84,Galugah,2001-04-01,MASA,35.13342851344703
Mazandaran,14.7,40737,36.49,52.11,Gharakhil,2001-04-01,MASA,99.80357402507423
Mazandaran,1294.3,40760,36.25,53.55,Kiyasar,2001-04-01,MASA,42.03691297713874
Mazandaran,1550.0,99348,36.39,51.73,Kojur,2001-04-01,MASA,88.40394729320167
Mazandaran,-20.9,40734,36.66,51.47,Nowshahr,2001-04-01,MASA,52.549115955272896
Mazandaran,610.0,99360,36.1,53.06,Polsefid,2001-04-01,MASA,88.38023954574226
Mazandaran,-20.0,40732,36.9,50.68,Ramsar,2001-04-01,MASA,60.66734307948707
Mazandaran,23.0,40759,36.54,53.0,Sari,2001-04-01,MASA,32.516099154392464
Mazandaran,16.7,40788,36.64,53.2,Sari (Dasht-E-Naz Airport),2001-04-01,MASA,27.974761664310677
Mazandaran,1855.4,40735,36.23,51.3,Siahbisheh,2001-04-01,MASA,60.96435302440284
Mazandaran,1805.0,99361,36.07,52.84,Alasht,2001-05-01,MASA,135.96674271287768
Mazandaran,23.7,99309,36.48,52.47,Amol,2001-05-01,MASA,56.9334126299843
Mazandaran,-21.0,40736,36.7,52.64,Babolsar,2001-05-01,MASA,20.36268480481951
Mazandaran,2120.0,99357,36.2,51.8,Baladeh,2001-05-01,MASA,116.283083636187
Mazandaran,-20.0,99306,36.86,53.39,Bandar-E-Amirabad,2001-05-01,MASA,28.284156996630117
Mazandaran,-10.0,99299,36.74,53.84,Galugah,2001-05-01,MASA,83.66189368429033
Mazandaran,14.7,40737,36.49,52.11,Gharakhil,2001-05-01,MASA,196.56159945192186
Mazandaran,1294.3,40760,36.25,53.55,Kiyasar,2001-05-01,MASA,84.32444401445238
Mazandaran,1550.0,99348,36.39,51.73,Kojur,2001-05-01,MASA,174.94354613485186
Mazandaran,-20.9,40734,36.66,51.47,Nowshahr,2001-05-01,MASA,73.74152012529223
Mazandaran,610.0,99360,36.1,53.06,Polsefid,2001-05-01,MASA,135.69099672498552
Mazandaran,-20.0,40732,36.9,50.68,Ramsar,2001-05-01,MASA,99.45781000318377
Mazandaran,23.0,40759,36.54,53.0,Sari,2001-05-01,MASA,45.1059288567528
Mazandaran,16.7,40788,36.64,53.2,Sari (Dasht-E-Naz Airport),2001-05-01,MASA,38.404519040010854
Mazandaran,1855.4,40735,36.23,51.3,Siahbisheh,2001-05-01,MASA,91.119150001429
Mazandaran,1805.0,99361,36.07,52.84,Alasht,2001-06-01,MASA,80.37077660452496
Mazandaran,23.7,99309,36.48,52.47,Amol,2001-06-01,MASA,44.04657359015118
Mazandaran,-21.0,40736,36.7,52.64,Babolsar,2001-06-01,MASA,8.700095366350524
Mazandaran,2120.0,99357,36.2,51.8,Baladeh,2001-06-01,MASA,102.4225580204643
Mazandaran,-20.0,99306,36.86,53.39,Bandar-E-Amirabad,2001-06-01,MASA,20.207830022684448
Mazandaran,-10.0,99299,36.74,53.84,Galugah,2001-06-01,MASA,57.669855903498046
Mazandaran,14.7,40737,36.49,52.11,Gharakhil,2001-06-01,MASA,66.4510356892265
Mazandaran,1294.3,40760,36.25,53.55,Kiyasar,2001-06-01,MASA,90.20624334704053
Mazandaran,1550.0,99348,36.39,51.73,Kojur,2001-06-01,MASA,131.45453507792126
Mazandaran,-20.9,40734,36.66,51.47,Nowshahr,2001-06-01,MASA,37.74910445105206
Mazandaran,610.0,99360,36.1,53.06,Polsefid,2001-06-01,MASA,75.95599467646252
Mazandaran,-20.0,40732,36.9,50.68,Ramsar,2001-06-01,MASA,37.18727106939923
Mazandaran,23.0,40759,36.54,53.0,Sari,2001-06-01,MASA,45.90653653036725
Mazandaran,16.7,40788,36.64,53.2,Sari (Dasht-E-Naz Airport),2001-06-01,MASA,35.554327319971435
Mazandaran,1855.4,40735,36.23,51.3,Siahbisheh,2001-06-01,MASA,106.19414622675549
Mazandaran,1805.0,99361,36.07,52.84,Alasht,2001-07-01,MASA,73.89312393843284
Mazandaran,23.7,99309,36.48,52.47,Amol,2001-07-01,MASA,31.388172580591345
Mazandaran,-21.0,40736,36.7,52.64,Babolsar,2001-07-01,MASA,19.836896731249
Mazandaran,2120.0,99357,36.2,51.8,Baladeh,2001-07-01,MASA,114.9163485306417
Mazandaran,-20.0,99306,36.86,53.39,Bandar-E-Amirabad,2001-07-01,MASA,37.716963960519934
Mazandaran,-10.0,99299,36.74,53.84,Galugah,2001-07-01,MASA,55.79083569227805
Mazandaran,14.7,40737,36.49,52.11,Gharakhil,2001-07-01,MASA,62.13226325689902
Mazandaran,1294.3,40760,36.25,53.55,Kiyasar,2001-07-01,MASA,62.37893707930198
Mazandaran,1550.0,99348,36.39,51.73,Kojur,2001-07-01,MASA,124.57554943739524
Mazandaran,-20.9,40734,36.66,51.47,Nowshahr,2001-07-01,MASA,60.58117158590903
Mazandaran,610.0,99360,36.1,53.06,Polsefid,2001-07-01,MASA,56.523153259149694
Mazandaran,-20.0,40732,36.9,50.68,Ramsar,2001-07-01,MASA,64.80784125506034
Mazandaran,23.0,40759,36.54,53.0,Sari,2001-07-01,MASA,38.71391124903312
Mazandaran,16.7,40788,36.64,53.2,Sari (Dasht-E-Naz Airport),2001-07-01,MASA,34.52909894167533
Mazandaran,1855.4,40735,36.23,51.3,Siahbisheh,2001-07-01,MASA,111.24100692450156
Mazandaran,1805.0,99361,36.07,52.84,Alasht,2001-08-01,MASA,187.9853044109474
Mazandaran,23.7,99309,36.48,52.47,Amol,2001-08-01,MASA,87.62976866532668
Mazandaran,-21.0,40736,36.7,52.64,Babolsar,2001-08-01,MASA,47.22497206498488
Mazandaran,2120.0,99357,36.2,51.8,Baladeh,2001-08-01,MASA,101.62148218919143
Mazandaran,-20.0,99306,36.86,53.39,Bandar-E-Amirabad,2001-08-01,MASA,51.63103681374892
Mazandaran,-10.0,99299,36.74,53.84,Galugah,2001-08-01,MASA,76.70772414971694
Mazandaran,14.7,40737,36.49,52.11,Gharakhil,2001-08-01,MASA,136.85971837807998
Mazandaran,1294.3,40760,36.25,53.55,Kiyasar,2001-08-01,MASA,131.61228936482772
Mazandaran,1550.0,99348,36.39,51.73,Kojur,2001-08-01,MASA,153.13187580872878
Mazandaran,-20.9,40734,36.66,51.47,Nowshahr,2001-08-01,MASA,77.29579847623214
Mazandaran,610.0,99360,36.1,53.06,Polsefid,2001-08-01,MASA,145.4266343670021
Mazandaran,-20.0,40732,36.9,50.68,Ramsar,2001-08-01,MASA,112.81271618176802
Mazandaran,23.0,40759,36.54,53.0,Sari,2001-08-01,MASA,116.22763019372329
Mazandaran,16.7,40788,36.64,53.2,Sari (Dasht-E-Naz Airport),2001-08-01,MASA,88.99012547303542
Mazandaran,1855.4,40735,36.23,51.3,Siahbisheh,2001-08-01,MASA,72.4518333034645
Mazandaran,1805.0,99361,36.07,52.84,Alasht,2001-09-01,MASA,169.51840224877657
Mazandaran,23.7,99309,36.48,52.47,Amol,2001-09-01,MASA,108.99285081044496
Mazandaran,-21.0,40736,36.7,52.64,Babolsar,2001-09-01,MASA,87.73647847787203
Mazandaran,2120.0,99357,36.2,51.8,Baladeh,2001-09-01,MASA,132.02161195889772
Mazandaran,-20.0,99306,36.86,53.39,Bandar-E-Amirabad,2001-09-01,MASA,46.038574010289324
Mazandaran,-10.0,99299,36.74,53.84,Galugah,2001-09-01,MASA,92.29802194253267
Mazandaran,14.7,40737,36.49,52.11,Gharakhil,2001-09-01,MASA,208.0569327177173
Mazandaran,1294.3,40760,36.25,53.55,Kiyasar,2001-09-01,MASA,117.42993298188509
Mazandaran,1550.0,99348,36.39,51.73,Kojur,2001-09-01,MASA,203.4226268829471
Mazandaran,-20.9,40734,36.66,51.47,Nowshahr,2001-09-01,MASA,199.71319141999544
Mazandaran,610.0,99360,36.1,53.06,Polsefid,2001-09-01,MASA,130.3340256513721
Mazandaran,-20.0,40732,36.9,50.68,Ramsar,2001-09-01,MASA,203.20517423764528
Mazandaran,23.0,40759,36.54,53.0,Sari,2001-09-01,MASA,139.66306152955354
Mazandaran,16.7,40788,36.64,53.2,Sari (Dasht-E-Naz Airport),2001-09-01,MASA,129.12351492062868
Mazandaran,1855.4,40735,36.23,51.3,Siahbisheh,2001-09-01,MASA,96.83234098569216
Mazandaran,1805.0,99361,36.07,52.84,Alasht,2001-10-01,MASA,183.39474826165159
Mazandaran,23.7,99309,36.48,52.47,Amol,2001-10-01,MASA,169.32964651890714
Mazandaran,-21.0,40736,36.7,52.64,Babolsar,2001-10-01,MASA,97.11633949585874
Mazandaran,2120.0,99357,36.2,51.8,Baladeh,2001-10-01,MASA,162.9365268261047
Mazandaran,-20.0,99306,36.86,53.39,Bandar-E-Amirabad,2001-10-01,MASA,86.03552310772855
Mazandaran,-10.0,99299,36.74,53.84,Galugah,2001-10-01,MASA,89.68401282139737
Mazandaran,14.7,40737,36.49,52.11,Gharakhil,2001-10-01,MASA,341.5725710899444
Mazandaran,1294.3,40760,36.25,53.55,Kiyasar,2001-10-01,MASA,106.87779217072446
Mazandaran,1550.0,99348,36.39,51.73,Kojur,2001-10-01,MASA,271.80415718861536
Mazandaran,-20.9,40734,36.66,51.47,Nowshahr,2001-10-01,MASA,281.21689288922266
Mazandaran,610.0,99360,36.1,53.06,Polsefid,2001-10-01,MASA,157.02274768658597
Mazandaran,-20.0,40732,36.9,50.68,Ramsar,2001-10-01,MASA,409.41448836632685
Mazandaran,23.0,40759,36.54,53.0,Sari,2001-10-01,MASA,116.73687725373227
Mazandaran,16.7,40788,36.64,53.2,Sari (Dasht-E-Naz Airport),2001-10-01,MASA,91.25174908944089
Mazandaran,1855.4,40735,36.23,51.3,Siahbisheh,2001-10-01,MASA,135.69659321614225
Mazandaran,1805.0,99361,36.07,52.84,Alasht,2001-11-01,MASA,168.6361809234782
Mazandaran,23.7,99309,36.48,52.47,Amol,2001-11-01,MASA,168.06396143247326
Mazandaran,-21.0,40736,36.7,52.64,Babolsar,2001-11-01,MASA,107.263394163148
Mazandaran,2120.0,99357,36.2,51.8,Baladeh,2001-11-01,MASA,119.65043144036969
Mazandaran,-20.0,99306,36.86,53.39,Bandar-E-Amirabad,2001-11-01,MASA,128.88590292741497
Mazandaran,-10.0,99299,36.74,53.84,Galugah,2001-11-01,MASA,129.77650062848767
Mazandaran,14.7,40737,36.49,52.11,Gharakhil,2001-11-01,MASA,246.7679758529826
Mazandaran,1294.3,40760,36.25,53.55,Kiyasar,2001-11-01,MASA,111.42084793855389
Mazandaran,1550.0,99348,36.39,51.73,Kojur,2001-11-01,MASA,162.30028168966015
Mazandaran,-20.9,40734,36.66,51.47,Nowshahr,2001-11-01,MASA,298.0071981411143
Mazandaran,610.0,99360,36.1,53.06,Polsefid,2001-11-01,MASA,149.13681940843304
Mazandaran,-20.0,40732,36.9,50.68,Ramsar,2001-11-01,MASA,269.47289006520947
Mazandaran,23.0,40759,36.54,53.0,Sari,2001-11-01,MASA,121.92945973684033
Mazandaran,16.7,40788,36.64,53.2,Sari (Dasht-E-Naz Airport),2001-11-01,MASA,119.09466283132275
Mazandaran,1855.4,40735,36.23,51.3,Siahbisheh,2001-11-01,MASA,101.95685224343976
Mazandaran,1805.0,99361,36.07,52.84,Alasht,2001-12-01,MASA,67.15241065447941
Mazandaran,23.7,99309,36.48,52.47,Amol,2001-12-01,MASA,98.39192023699894
Mazandaran,-21.0,40736,36.7,52.64,Babolsar,2001-12-01,MASA,49.72288003390446
Mazandaran,2120.0,99357,36.2,51.8,Baladeh,2001-12-01,MASA,46.79699233000889
Mazandaran,-20.0,99306,36.86,53.39,Bandar-E-Amirabad,2001-12-01,MASA,51.90953603213444
Mazandaran,-10.0,99299,36.74,53.84,Galugah,2001-12-01,MASA,56.27471199458256
Mazandaran,14.7,40737,36.49,52.11,Gharakhil,2001-12-01,MASA,116.95951214259281
Mazandaran,1294.3,40760,36.25,53.55,Kiyasar,2001-12-01,MASA,40.2603893560709
Mazandaran,1550.0,99348,36.39,51.73,Kojur,2001-12-01,MASA,59.75453546469822
Mazandaran,-20.9,40734,36.66,51.47,Nowshahr,2001-12-01,MASA,139.29849853938236
Mazandaran,610.0,99360,36.1,53.06,Polsefid,2001-12-01,MASA,60.34326544230595
Mazandaran,-20.0,40732,36.9,50.68,Ramsar,2001-12-01,MASA,188.23707094615116
Mazandaran,23.0,40759,36.54,53.0,Sari,2001-12-01,MASA,69.04551377719059
Mazandaran,16.7,40788,36.64,53.2,Sari (Dasht-E-Naz Airport),2001-12-01,MASA,59.957012443000224
Mazandaran,1855.4,40735,36.23,51.3,Siahbisheh,2001-12-01,MASA,69.23849871581211
Mazandaran,1805.0,99361,36.07,52.84,Alasht,2002-01-01,MASA,83.99725819225523
Mazandaran,23.7,99309,36.48,52.47,Amol,2002-01-01,MASA,118.24640000457975
Mazandaran,-21.0,40736,36.7,52.64,Babolsar,2002-01-01,MASA,79.51373720760557
Mazandaran,2120.0,99357,36.2,51.8,Baladeh,2002-01-01,MASA,56.58070111866209
Mazandaran,-20.0,99306,36.86,53.39,Bandar-E-Amirabad,2002-01-01,MASA,61.95784474010679
Mazandaran,-10.0,99299,36.74,53.84,Galugah,2002-01-01,MASA,72.7496531068823
Mazandaran,14.7,40737,36.49,52.11,Gharakhil,2002-01-01,MASA,143.6153736173651
Mazandaran,1294.3,40760,36.25,53.55,Kiyasar,2002-01-01,MASA,42.27244222755644
Mazandaran,1550.0,99348,36.39,51.73,Kojur,2002-01-01,MASA,70.4264726697943
Mazandaran,-20.9,40734,36.66,51.47,Nowshahr,2002-01-01,MASA,218.1269016325018
Mazandaran,610.0,99360,36.1,53.06,Polsefid,2002-01-01,MASA,75.91385508175108
Mazandaran,-20.0,40732,36.9,50.68,Ramsar,2002-01-01,MASA,217.40501487846586
Mazandaran,23.0,40759,36.54,53.0,Sari,2002-01-01,MASA,59.527018314554425
Mazandaran,16.7,40788,36.64,53.2,Sari (Dasht-E-Naz Airport),2002-01-01,MASA,59.03964603538725
Mazandaran,1855.4,40735,36.23,51.3,Siahbisheh,2002-01-01,MASA,63.087427264406415
Mazandaran,1805.0,99361,36.07,52.84,Alasht,2002-02-01,MASA,66.03620950341593
Mazandaran,23.7,99309,36.48,52.47,Amol,2002-02-01,MASA,87.50040833115946
Mazandaran,-21.0,40736,36.7,52.64,Babolsar,2002-02-01,MASA,71.13303248048197
Mazandaran,2120.0,99357,36.2,51.8,Baladeh,2002-02-01,MASA,53.165704051259866
Mazandaran,-20.0,99306,36.86,53.39,Bandar-E-Amirabad,2002-02-01,MASA,38.95656768441569
Mazandaran,-10.0,99299,36.74,53.84,Galugah,2002-02-01,MASA,65.56016210675608
Mazandaran,14.7,40737,36.49,52.11,Gharakhil,2002-02-01,MASA,102.9548198378123
Mazandaran,1294.3,40760,36.25,53.55,Kiyasar,2002-02-01,MASA,75.55477325082194
Mazandaran,1550.0,99348,36.39,51.73,Kojur,2002-02-01,MASA,68.54926053643595
Mazandaran,-20.9,40734,36.66,51.47,Nowshahr,2002-02-01,MASA,97.81232480168711
Mazandaran,610.0,99360,36.1,53.06,Polsefid,2002-02-01,MASA,61.973199287656655
Mazandaran,-20.0,40732,36.9,50.68,Ramsar,2002-02-01,MASA,94.73824504971873
Mazandaran,23.0,40759,36.54,53.0,Sari,2002-02-01,MASA,82.46889714360606
Mazandaran,16.7,40788,36.64,53.2,Sari (Dasht-E-Naz Airport),2002-02-01,MASA,70.27001682877909
Mazandaran,1855.4,40735,36.23,51.3,Siahbisheh,2002-02-01,MASA,64.25872449040781
Mazandaran,1805.0,99361,36.07,52.84,Alasht,2002-03-01,MASA,125.28839863659869
Mazandaran,23.7,99309,36.48,52.47,Amol,2002-03-01,MASA,110.68217612626086
Mazandaran,-21.0,40736,36.7,52.64,Babolsar,2002-03-01,MASA,58.74860442997942
Mazandaran,2120.0,99357,36.2,51.8,Baladeh,2002-03-01,MASA,87.49917305829058
Mazandaran,-20.0,99306,36.86,53.39,Bandar-E-Amirabad,2002-03-01,MASA,59.54496718766222
Mazandaran,-10.0,99299,36.74,53.84,Galugah,2002-03-01,MASA,95.84406174542437
Mazandaran,14.7,40737,36.49,52.11,Gharakhil,2002-03-01,MASA,145.55370963933
Mazandaran,1294.3,40760,36.25,53.55,Kiyasar,2002-03-01,MASA,84.97387327076922
Mazandaran,1550.0,99348,36.39,51.73,Kojur,2002-03-01,MASA,109.74060155274401
Mazandaran,-20.9,40734,36.66,51.47,Nowshahr,2002-03-01,MASA,127.3030207288457
Mazandaran,610.0,99360,36.1,53.06,Polsefid,2002-03-01,MASA,118.30477572800646
Mazandaran,-20.0,40732,36.9,50.68,Ramsar,2002-03-01,MASA,150.65218664528857
Mazandaran,23.0,40759,36.54,53.0,Sari,2002-03-01,MASA,104.77793372990618
Mazandaran,16.7,40788,36.64,53.2,Sari (Dasht-E-Naz Airport),2002-03-01,MASA,84.21960629345904
Mazandaran,1855.4,40735,36.23,51.3,Siahbisheh,2002-03-01,MASA,95.31851269127856
Mazandaran,1805.0,99361,36.07,52.84,Alasht,2002-04-01,MASA,169.16573578733463
Mazandaran,23.7,99309,36.48,52.47,Amol,2002-04-01,MASA,125.55710012334842
Mazandaran,-21.0,40736,36.7,52.64,Babolsar,2002-04-01,MASA,54.74040443319339
Mazandaran,2120.0,99357,36.2,51.8,Baladeh,2002-04-01,MASA,120.51865989583987
Mazandaran,-20.0,99306,36.86,53.39,Bandar-E-Amirabad,2002-04-01,MASA,95.27382785696048
Mazandaran,-10.0,99299,36.74,53.84,Galugah,2002-04-01,MASA,146.25230962652225
Mazandaran,14.7,40737,36.49,52.11,Gharakhil,2002-04-01,MASA,175.60020620244998
Mazandaran,1294.3,40760,36.25,53.55,Kiyasar,2002-04-01,MASA,137.46704692262668
Mazandaran,1550.0,99348,36.39,51.73,Kojur,2002-04-01,MASA,150.81054503339786
Mazandaran,-20.9,40734,36.66,51.47,Nowshahr,2002-04-01,MASA,145.09411687273044
Mazandaran,610.0,99360,36.1,53.06,Polsefid,2002-04-01,MASA,157.81924659627933
Mazandaran,-20.0,40732,36.9,50.68,Ramsar,2002-04-01,MASA,191.44149655717868
Mazandaran,23.0,40759,36.54,53.0,Sari,2002-04-01,MASA,130.35168284791965
Mazandaran,16.7,40788,36.64,53.2,Sari (Dasht-E-Naz Airport),2002-04-01,MASA,111.76339322942752
Mazandaran,1855.4,40735,36.23,51.3,Siahbisheh,2002-04-01,MASA,141.6268103780176
Mazandaran,1805.0,99361,36.07,52.84,Alasht,2002-05-01,MASA,108.36091315092844
Mazandaran,23.7,99309,36.48,52.47,Amol,2002-05-01,MASA,64.23221206011576
Mazandaran,-21.0,40736,36.7,52.64,Babolsar,2002-05-01,MASA,20.962354295871677
Mazandaran,2120.0,99357,36.2,51.8,Baladeh,2002-05-01,MASA,98.90599226298136
Mazandaran,-20.0,99306,36.86,53.39,Bandar-E-Amirabad,2002-05-01,MASA,33.76544689478678
Mazandaran,-10.0,99299,36.74,53.84,Galugah,2002-05-01,MASA,77.3026016885261
Mazandaran,14.7,40737,36.49,52.11,Gharakhil,2002-05-01,MASA,165.41517948450846
Mazandaran,1294.3,40760,36.25,53.55,Kiyasar,2002-05-01,MASA,79.96461963000101
Mazandaran,1550.0,99348,36.39,51.73,Kojur,2002-05-01,MASA,148.09058284106058
Mazandaran,-20.9,40734,36.66,51.47,Nowshahr,2002-05-01,MASA,93.58931755366129
Mazandaran,610.0,99360,36.1,53.06,Polsefid,2002-05-01,MASA,113.17540382685465
Mazandaran,-20.0,40732,36.9,50.68,Ramsar,2002-05-01,MASA,98.46076046767038
Mazandaran,23.0,40759,36.54,53.0,Sari,2002-05-01,MASA,64.82140397372049
Mazandaran,16.7,40788,36.64,53.2,Sari (Dasht-E-Naz Airport),2002-05-01,MASA,49.417969339511814
Mazandaran,1855.4,40735,36.23,51.3,Siahbisheh,2002-05-01,MASA,89.03331732096476
Mazandaran,1805.0,99361,36.07,52.84,Alasht,2002-06-01,MASA,84.84800872810183
Mazandaran,23.7,99309,36.48,52.47,Amol,2002-06-01,MASA,58.20221421726046
Mazandaran,-21.0,40736,36.7,52.64,Babolsar,2002-06-01,MASA,19.546560621336084
Mazandaran,2120.0,99357,36.2,51.8,Baladeh,2002-06-01,MASA,97.66527233131228
Mazandaran,-20.0,99306,36.86,53.39,Bandar-E-Amirabad,2002-06-01,MASA,14.998815631940943
Mazandaran,-10.0,99299,36.74,53.84,Galugah,2002-06-01,MASA,37.746347165182215
Mazandaran,14.7,40737,36.49,52.11,Gharakhil,2002-06-01,MASA,145.08499917991458
Mazandaran,1294.3,40760,36.25,53.55,Kiyasar,2002-06-01,MASA,49.07595334060488
Mazandaran,1550.0,99348,36.39,51.73,Kojur,2002-06-01,MASA,172.01966760165988
Mazandaran,-20.9,40734,36.66,51.47,Nowshahr,2002-06-01,MASA,41.71217200763522
Mazandaran,610.0,99360,36.1,53.06,Polsefid,2002-06-01,MASA,68.32011756904421
Mazandaran,-20.0,40732,36.9,50.68,Ramsar,2002-06-01,MASA,56.822158074453455
Mazandaran,23.0,40759,36.54,53.0,Sari,2002-06-01,MASA,41.65268657214938
Mazandaran,16.7,40788,36.64,53.2,Sari (Dasht-E-Naz Airport),2002-06-01,MASA,33.84550628669558
Mazandaran,1855.4,40735,36.23,51.3,Siahbisheh,2002-06-01,MASA,73.22990117080508
Mazandaran,1805.0,99361,36.07,52.84,Alasht,2002-07-01,MASA,63.439833229018916
Mazandaran,23.7,99309,36.48,52.47,Amol,2002-07-01,MASA,27.70361513419317
Mazandaran,-21.0,40736,36.7,52.64,Babolsar,2002-07-01,MASA,9.223060911132563
Mazandaran,2120.0,99357,36.2,51.8,Baladeh,2002-07-01,MASA,174.0660688333051
Mazandaran,-20.0,99306,36.86,53.39,Bandar-E-Amirabad,2002-07-01,MASA,6.966667478515376
Mazandaran,-10.0,99299,36.74,53.84,Galugah,2002-07-01,MASA,17.447831337882747
Mazandaran,14.7,40737,36.49,52.11,Gharakhil,2002-07-01,MASA,117.79704899115728
Mazandaran,1294.3,40760,36.25,53.55,Kiyasar,2002-07-01,MASA,62.98460275454687
Mazandaran,1550.0,99348,36.39,51.73,Kojur,2002-07-01,MASA,180.42162269873785
Mazandaran,-20.9,40734,36.66,51.47,Nowshahr,2002-07-01,MASA,43.84960443301367
Mazandaran,610.0,99360,36.1,53.06,Polsefid,2002-07-01,MASA,44.20334309859442
Mazandaran,-20.0,40732,36.9,50.68,Ramsar,2002-07-01,MASA,46.21574491782354
Mazandaran,23.0,40759,36.54,53.0,Sari,2002-07-01,MASA,53.03165525717901
Mazandaran,16.7,40788,36.64,53.2,Sari (Dasht-E-Naz Airport),2002-07-01,MASA,45.606332128478755
Mazandaran,1855.4,40735,36.23,51.3,Siahbisheh,2002-07-01,MASA,154.5128098182218
Mazandaran,1805.0,99361,36.07,52.84,Alasht,2002-08-01,MASA,101.91045881369831
Mazandaran,23.7,99309,36.48,52.47,Amol,2002-08-01,MASA,60.17276824572804
Mazandaran,-21.0,40736,36.7,52.64,Babolsar,2002-08-01,MASA,20.15602768519642
Mazandaran,2120.0,99357,36.2,51.8,Baladeh,2002-08-01,MASA,106.5360921726537
Mazandaran,-20.0,99306,36.86,53.39,Bandar-E-Amirabad,2002-08-01,MASA,20.780639658958933
Mazandaran,-10.0,99299,36.74,53.84,Galugah,2002-08-01,MASA,48.35272015193226
Mazandaran,14.7,40737,36.49,52.11,Gharakhil,2002-08-01,MASA,131.51602626899006
Mazandaran,1294.3,40760,36.25,53.55,Kiyasar,2002-08-01,MASA,85.62150777438404
Mazandaran,1550.0,99348,36.39,51.73,Kojur,2002-08-01,MASA,194.51230944255116
Mazandaran,-20.9,40734,36.66,51.47,Nowshahr,2002-08-01,MASA,91.29293442824604
Mazandaran,610.0,99360,36.1,53.06,Polsefid,2002-08-01,MASA,86.86673821070912
Mazandaran,-20.0,40732,36.9,50.68,Ramsar,2002-08-01,MASA,112.9016596184087
Mazandaran,23.0,40759,36.54,53.0,Sari,2002-08-01,MASA,73.1217581138921
Mazandaran,16.7,40788,36.64,53.2,Sari (Dasht-E-Naz Airport),2002-08-01,MASA,51.6814607487035
Mazandaran,1855.4,40735,36.23,51.3,Siahbisheh,2002-08-01,MASA,77.51055241683247
Mazandaran,1805.0,99361,36.07,52.84,Alasht,2002-09-01,MASA,73.72723869840314
Mazandaran,23.7,99309,36.48,52.47,Amol,2002-09-01,MASA,70.65943233529737
Mazandaran,-21.0,40736,36.7,52.64,Babolsar,2002-09-01,MASA,33.13853196660688
Mazandaran,2120.0,99357,36.2,51.8,Baladeh,2002-09-01,MASA,53.14708106080701
Mazandaran,-20.0,99306,36.86,53.39,Bandar-E-Amirabad,2002-09-01,MASA,18.521923346916935
Mazandaran,-10.0,99299,36.74,53.84,Galugah,2002-09-01,MASA,34.067649169365666
Mazandaran,14.7,40737,36.49,52.11,Gharakhil,2002-09-01,MASA,125.3252958492439
Mazandaran,1294.3,40760,36.25,53.55,Kiyasar,2002-09-01,MASA,25.713506861130497
Mazandaran,1550.0,99348,36.39,51.73,Kojur,2002-09-01,MASA,92.09387354413678
Mazandaran,-20.9,40734,36.66,51.47,Nowshahr,2002-09-01,MASA,88.86991791288068
Mazandaran,610.0,99360,36.1,53.06,Polsefid,2002-09-01,MASA,61.8332361416023
Mazandaran,-20.0,40732,36.9,50.68,Ramsar,2002-09-01,MASA,72.11277238885572
Mazandaran,23.0,40759,36.54,53.0,Sari,2002-09-01,MASA,55.501315517823
Mazandaran,16.7,40788,36.64,53.2,Sari (Dasht-E-Naz Airport),2002-09-01,MASA,37.2728740410011
Mazandaran,1855.4,40735,36.23,51.3,Siahbisheh,2002-09-01,MASA,34.54406909505536
Mazandaran,1805.0,99361,36.07,52.84,Alasht,2002-10-01,MASA,148.72475085391557
Mazandaran,23.7,99309,36.48,52.47,Amol,2002-10-01,MASA,161.45602730645692
Mazandaran,-21.0,40736,36.7,52.64,Babolsar,2002-10-01,MASA,126.3366502298311
Mazandaran,2120.0,99357,36.2,51.8,Baladeh,2002-10-01,MASA,80.00857499970948
Mazandaran,-20.0,99306,36.86,53.39,Bandar-E-Amirabad,2002-10-01,MASA,87.00896916522538
Mazandaran,-10.0,99299,36.74,53.84,Galugah,2002-10-01,MASA,139.7098612560228
Mazandaran,14.7,40737,36.49,52.11,Gharakhil,2002-10-01,MASA,235.23244378699815
Mazandaran,1294.3,40760,36.25,53.55,Kiyasar,2002-10-01,MASA,79.67628655566728
Mazandaran,1550.0,99348,36.39,51.73,Kojur,2002-10-01,MASA,156.4359378589586
Mazandaran,-20.9,40734,36.66,51.47,Nowshahr,2002-10-01,MASA,201.5789311899141
Mazandaran,610.0,99360,36.1,53.06,Polsefid,2002-10-01,MASA,132.7601086868242
Mazandaran,-20.0,40732,36.9,50.68,Ramsar,2002-10-01,MASA,217.83691016568696
Mazandaran,23.0,40759,36.54,53.0,Sari,2002-10-01,MASA,135.11052844657456
Mazandaran,16.7,40788,36.64,53.2,Sari (Dasht-E-Naz Airport),2002-10-01,MASA,121.63554248942887
Mazandaran,1855.4,40735,36.23,51.3,Siahbisheh,2002-10-01,MASA,43.546841718097085
Mazandaran,1805.0,99361,36.07,52.84,Alasht,2002-11-01,MASA,149.9915618369947
Mazandaran,23.7,99309,36.48,52.47,Amol,2002-11-01,MASA,225.30392295817236
Mazandaran,-21.0,40736,36.7,52.64,Babolsar,2002-11-01,MASA,142.2148693273435
Mazandaran,2120.0,99357,36.2,51.8,Baladeh,2002-11-01,MASA,103.95272559622626
Mazandaran,-20.0,99306,36.86,53.39,Bandar-E-Amirabad,2002-11-01,MASA,134.24999005297522
Mazandaran,-10.0,99299,36.74,53.84,Galugah,2002-11-01,MASA,150.70494002798895
Mazandaran,14.7,40737,36.49,52.11,Gharakhil,2002-11-01,MASA,292.28888935545785
Mazandaran,1294.3,40760,36.25,53.55,Kiyasar,2002-11-01,MASA,96.32559604147772
Mazandaran,1550.0,99348,36.39,51.73,Kojur,2002-11-01,MASA,166.03541857699256
Mazandaran,-20.9,40734,36.66,51.47,Nowshahr,2002-11-01,MASA,326.68099290827615
Mazandaran,610.0,99360,36.1,53.06,Polsefid,2002-11-01,MASA,134.00069362620215
Mazandaran,-20.0,40732,36.9,50.68,Ramsar,2002-11-01,MASA,328.8386065433393
Mazandaran,23.0,40759,36.54,53.0,Sari,2002-11-01,MASA,140.46137518385748
Mazandaran,16.7,40788,36.64,53.2,Sari (Dasht-E-Naz Airport),2002-11-01,MASA,126.84186286429266
Mazandaran,1855.4,40735,36.23,51.3,Siahbisheh,2002-11-01,MASA,72.42435700396399
Mazandaran,1805.0,99361,36.07,52.84,Alasht,2002-12-01,MASA,75.79062015812355
Mazandaran,23.7,99309,36.48,52.47,Amol,2002-12-01,MASA,132.75642574827629
Mazandaran,-21.0,40736,36.7,52.64,Babolsar,2002-12-01,MASA,100.41178644697624
Mazandaran,2120.0,99357,36.2,51.8,Baladeh,2002-12-01,MASA,102.62454182903724
Mazandaran,-20.0,99306,36.86,53.39,Bandar-E-Amirabad,2002-12-01,MASA,97.78790057699638
Mazandaran,-10.0,99299,36.74,53.84,Galugah,2002-12-01,MASA,78.31688107054191
Mazandaran,14.7,40737,36.49,52.11,Gharakhil,2002-12-01,MASA,169.89426196615653
Mazandaran,1294.3,40760,36.25,53.55,Kiyasar,2002-12-01,MASA,65.84227711956459
Mazandaran,1550.0,99348,36.39,51.73,Kojur,2002-12-01,MASA,110.34887165825324
Mazandaran,-20.9,40734,36.66,51.47,Nowshahr,2002-12-01,MASA,250.39063275854545
Mazandaran,610.0,99360,36.1,53.06,Polsefid,2002-12-01,MASA,67.03784198563056
Mazandaran,-20.0,40732,36.9,50.68,Ramsar,2002-12-01,MASA,373.4511721233602
Mazandaran,23.0,40759,36.54,53.0,Sari,2002-12-01,MASA,97.14731455843406
Mazandaran,16.7,40788,36.64,53.2,Sari (Dasht-E-Naz Airport),2002-12-01,MASA,87.58419633905845
Mazandaran,1855.4,40735,36.23,51.3,Siahbisheh,2002-12-01,MASA,154.7198283771749
Mazandaran,1805.0,99361,36.07,52.84,Alasht,2003-01-01,MASA,35.32922840241426
Mazandaran,23.7,99309,36.48,52.47,Amol,2003-01-01,MASA,40.946191312112745
Mazandaran,-21.0,40736,36.7,52.64,Babolsar,2003-01-01,MASA,18.43391931179994
Mazandaran,2120.0,99357,36.2,51.8,Baladeh,2003-01-01,MASA,37.80325329426759
Mazandaran,-20.0,99306,36.86,53.39,Bandar-E-Amirabad,2003-01-01,MASA,26.600530506410536
Mazandaran,-10.0,99299,36.74,53.84,Galugah,2003-01-01,MASA,26.98538279656404
Mazandaran,14.7,40737,36.49,52.11,Gharakhil,2003-01-01,MASA,53.42925167206758
Mazandaran,1294.3,40760,36.25,53.55,Kiyasar,2003-01-01,MASA,28.649201751985487
Mazandaran,1550.0,99348,36.39,51.73,Kojur,2003-01-01,MASA,39.91018808011049
Mazandaran,-20.9,40734,36.66,51.47,Nowshahr,2003-01-01,MASA,87.16895258549684
Mazandaran,610.0,99360,36.1,53.06,Polsefid,2003-01-01,MASA,31.6096154463672
Mazandaran,-20.0,40732,36.9,50.68,Ramsar,2003-01-01,MASA,130.53265786293977
Mazandaran,23.0,40759,36.54,53.0,Sari,2003-01-01,MASA,22.879934073724684
Mazandaran,16.7,40788,36.64,53.2,Sari (Dasht-E-Naz Airport),2003-01-01,MASA,21.22012353066438
Mazandaran,1855.4,40735,36.23,51.3,Siahbisheh,2003-01-01,MASA,49.58226359013551
Mazandaran,1805.0,99361,36.07,52.84,Alasht,2003-02-01,MASA,108.47334767418104
Mazandaran,23.7,99309,36.48,52.47,Amol,2003-02-01,MASA,136.7342045410176
Mazandaran,-21.0,40736,36.7,52.64,Babolsar,2003-02-01,MASA,69.03065944748121
Mazandaran,2120.0,99357,36.2,51.8,Baladeh,2003-02-01,MASA,71.00604678230482
Mazandaran,-20.0,99306,36.86,53.39,Bandar-E-Amirabad,2003-02-01,MASA,67.56468320923048
Mazandaran,-10.0,99299,36.74,53.84,Galugah,2003-02-01,MASA,89.32884241180616
Mazandaran,14.7,40737,36.49,52.11,Gharakhil,2003-02-01,MASA,148.63836968975264
Mazandaran,1294.3,40760,36.25,53.55,Kiyasar,2003-02-01,MASA,71.90187479095655
Mazandaran,1550.0,99348,36.39,51.73,Kojur,2003-02-01,MASA,82.93660188751417
Mazandaran,-20.9,40734,36.66,51.47,Nowshahr,2003-02-01,MASA,177.5902083023091
Mazandaran,610.0,99360,36.1,53.06,Polsefid,2003-02-01,MASA,93.17234362201887
Mazandaran,-20.0,40732,36.9,50.68,Ramsar,2003-02-01,MASA,226.40964592533308
Mazandaran,23.0,40759,36.54,53.0,Sari,2003-02-01,MASA,91.47529507713514
Mazandaran,16.7,40788,36.64,53.2,Sari (Dasht-E-Naz Airport),2003-02-01,MASA,74.35688580112654
Mazandaran,1855.4,40735,36.23,51.3,Siahbisheh,2003-02-01,MASA,92.88947487907606
Mazandaran,1805.0,99361,36.07,52.84,Alasht,2003-03-01,MASA,98.994041217356
Mazandaran,23.7,99309,36.48,52.47,Amol,2003-03-01,MASA,91.13226307728794
Mazandaran,-21.0,40736,36.7,52.64,Babolsar,2003-03-01,MASA,52.330593002825054
Mazandaran,2120.0,99357,36.2,51.8,Baladeh,2003-03-01,MASA,87.77039719918278
Mazandaran,-20.0,99306,36.86,53.39,Bandar-E-Amirabad,2003-03-01,MASA,92.85096300938633
Mazandaran,-10.0,99299,36.74,53.84,Galugah,2003-03-01,MASA,96.75496293404606
Mazandaran,14.7,40737,36.49,52.11,Gharakhil,2003-03-01,MASA,112.53456248143223
Mazandaran,1294.3,40760,36.25,53.55,Kiyasar,2003-03-01,MASA,77.78192533352879
Mazandaran,1550.0,99348,36.39,51.73,Kojur,2003-03-01,MASA,94.42631377079991
Mazandaran,-20.9,40734,36.66,51.47,Nowshahr,2003-03-01,MASA,136.87493873932866
Mazandaran,610.0,99360,36.1,53.06,Polsefid,2003-03-01,MASA,91.20572580197361
Mazandaran,-20.0,40732,36.9,50.68,Ramsar,2003-03-01,MASA,153.74242736199406
Mazandaran,23.0,40759,36.54,53.0,Sari,2003-03-01,MASA,84.08018423417118
Mazandaran,16.7,40788,36.64,53.2,Sari (Dasht-E-Naz Airport),2003-03-01,MASA,76.71327365735081
Mazandaran,1855.4,40735,36.23,51.3,Siahbisheh,2003-03-01,MASA,115.32736791470555
Mazandaran,1805.0,99361,36.07,52.84,Alasht,2003-04-01,MASA,110.88353866371037
Mazandaran,23.7,99309,36.48,52.47,Amol,2003-04-01,MASA,77.28028768333317
Mazandaran,-21.0,40736,36.7,52.64,Babolsar,2003-04-01,MASA,41.97457903655888
Mazandaran,2120.0,99357,36.2,51.8,Baladeh,2003-04-01,MASA,114.49830704959751
Mazandaran,-20.0,99306,36.86,53.39,Bandar-E-Amirabad,2003-04-01,MASA,81.6304283741367
Mazandaran,-10.0,99299,36.74,53.84,Galugah,2003-04-01,MASA,109.4571399095905
Mazandaran,14.7,40737,36.49,52.11,Gharakhil,2003-04-01,MASA,111.3109635713947
Mazandaran,1294.3,40760,36.25,53.55,Kiyasar,2003-04-01,MASA,117.69731813701512
Mazandaran,1550.0,99348,36.39,51.73,Kojur,2003-04-01,MASA,92.90543669494511
Mazandaran,-20.9,40734,36.66,51.47,Nowshahr,2003-04-01,MASA,97.03167253764988
Mazandaran,610.0,99360,36.1,53.06,Polsefid,2003-04-01,MASA,124.37037104400517
Mazandaran,-20.0,40732,36.9,50.68,Ramsar,2003-04-01,MASA,102.39823633464695
Mazandaran,23.0,40759,36.54,53.0,Sari,2003-04-01,MASA,88.76318210395695
Mazandaran,16.7,40788,36.64,53.2,Sari (Dasht-E-Naz Airport),2003-04-01,MASA,75.14806562694432
Mazandaran,1855.4,40735,36.23,51.3,Siahbisheh,2003-04-01,MASA,143.06483143600346
Mazandaran,1805.0,99361,36.07,52.84,Alasht,2003-05-01,MASA,130.95642800027107
Mazandaran,23.7,99309,36.48,52.47,Amol,2003-05-01,MASA,32.55769039088463
Mazandaran,-21.0,40736,36.7,52.64,Babolsar,2003-05-01,MASA,12.24957580262398
Mazandaran,2120.0,99357,36.2,51.8,Baladeh,2003-05-01,MASA,109.57090730363106
Mazandaran,-20.0,99306,36.86,53.39,Bandar-E-Amirabad,2003-05-01,MASA,25.726022073566668
Mazandaran,-10.0,99299,36.74,53.84,Galugah,2003-05-01,MASA,75.66735322171425
Mazandaran,14.7,40737,36.49,52.11,Gharakhil,2003-05-01,MASA,139.04914433652138
Mazandaran,1294.3,40760,36.25,53.55,Kiyasar,2003-05-01,MASA,76.65984506303047
Mazandaran,1550.0,99348,36.39,51.73,Kojur,2003-05-01,MASA,145.33002848321175
Mazandaran,-20.9,40734,36.66,51.47,Nowshahr,2003-05-01,MASA,40.160940834820025
Mazandaran,610.0,99360,36.1,53.06,Polsefid,2003-05-01,MASA,117.10104520016884
Mazandaran,-20.0,40732,36.9,50.68,Ramsar,2003-05-01,MASA,62.40531975918984
Mazandaran,23.0,40759,36.54,53.0,Sari,2003-05-01,MASA,36.58662165099358
Mazandaran,16.7,40788,36.64,53.2,Sari (Dasht-E-Naz Airport),2003-05-01,MASA,34.85460008078789
Mazandaran,1855.4,40735,36.23,51.3,Siahbisheh,2003-05-01,MASA,104.43918580704903
Mazandaran,1805.0,99361,36.07,52.84,Alasht,2003-06-01,MASA,123.8877733541841
Mazandaran,23.7,99309,36.48,52.47,Amol,2003-06-01,MASA,63.98926277888961
Mazandaran,-21.0,40736,36.7,52.64,Babolsar,2003-06-01,MASA,20.98522682918258
Mazandaran,2120.0,99357,36.2,51.8,Baladeh,2003-06-01,MASA,92.81304081214614
Mazandaran,-20.0,99306,36.86,53.39,Bandar-E-Amirabad,2003-06-01,MASA,30.765350659024193
Mazandaran,-10.0,99299,36.74,53.84,Galugah,2003-06-01,MASA,69.14098163379379
Mazandaran,14.7,40737,36.49,52.11,Gharakhil,2003-06-01,MASA,148.6206163956041
Mazandaran,1294.3,40760,36.25,53.55,Kiyasar,2003-06-01,MASA,74.37927623523422
Mazandaran,1550.0,99348,36.39,51.73,Kojur,2003-06-01,MASA,141.76441331638046
Mazandaran,-20.9,40734,36.66,51.47,Nowshahr,2003-06-01,MASA,86.22830708755203
Mazandaran,610.0,99360,36.1,53.06,Polsefid,2003-06-01,MASA,112.94953127635665
Mazandaran,-20.0,40732,36.9,50.68,Ramsar,2003-06-01,MASA,140.7128979755754
Mazandaran,23.0,40759,36.54,53.0,Sari,2003-06-01,MASA,58.22003980411239
Mazandaran,16.7,40788,36.64,53.2,Sari (Dasht-E-Naz Airport),2003-06-01,MASA,44.46467359794326
Mazandaran,1855.4,40735,36.23,51.3,Siahbisheh,2003-06-01,MASA,60.4136397434587
Mazandaran,1805.0,99361,36.07,52.84,Alasht,2003-07-01,MASA,41.77428148513229
Mazandaran,23.7,99309,36.48,52.47,Amol,2003-07-01,MASA,46.84642813926132
Mazandaran,-21.0,40736,36.7,52.64,Babolsar,2003-07-01,MASA,10.660537703088835
Mazandaran,2120.0,99357,36.2,51.8,Baladeh,2003-07-01,MASA,60.046696288637236
Mazandaran,-20.0,99306,36.86,53.39,Bandar-E-Amirabad,2003-07-01,MASA,11.468180639795378
Mazandaran,-10.0,99299,36.74,53.84,Galugah,2003-07-01,MASA,44.49681304221542
Mazandaran,14.7,40737,36.49,52.11,Gharakhil,2003-07-01,MASA,64.62916098361404
Mazandaran,1294.3,40760,36.25,53.55,Kiyasar,2003-07-01,MASA,39.70527015452774
Mazandaran,1550.0,99348,36.39,51.73,Kojur,2003-07-01,MASA,78.8582053018132
Mazandaran,-20.9,40734,36.66,51.47,Nowshahr,2003-07-01,MASA,30.723639948419645
Mazandaran,610.0,99360,36.1,53.06,Polsefid,2003-07-01,MASA,43.701508266977385
Mazandaran,-20.0,40732,36.9,50.68,Ramsar,2003-07-01,MASA,63.71242664580734
Mazandaran,23.0,40759,36.54,53.0,Sari,2003-07-01,MASA,47.662207109979704
Mazandaran,16.7,40788,36.64,53.2,Sari (Dasht-E-Naz Airport),2003-07-01,MASA,29.398062450937346
Mazandaran,1855.4,40735,36.23,51.3,Siahbisheh,2003-07-01,MASA,46.06200121169479
Mazandaran,1805.0,99361,36.07,52.84,Alasht,2003-08-01,MASA,102.38467283348385
Mazandaran,23.7,99309,36.48,52.47,Amol,2003-08-01,MASA,48.12555141548458
Mazandaran,-21.0,40736,36.7,52.64,Babolsar,2003-08-01,MASA,17.451987935107383
Mazandaran,2120.0,99357,36.2,51.8,Baladeh,2003-08-01,MASA,113.10821898083034
Mazandaran,-20.0,99306,36.86,53.39,Bandar-E-Amirabad,2003-08-01,MASA,11.697204185527
Mazandaran,-10.0,99299,36.74,53.84,Galugah,2003-08-01,MASA,24.063901377719077
Mazandaran,14.7,40737,36.49,52.11,Gharakhil,2003-08-01,MASA,124.45676453213039
Mazandaran,1294.3,40760,36.25,53.55,Kiyasar,2003-08-01,MASA,40.49649961094204
Mazandaran,1550.0,99348,36.39,51.73,Kojur,2003-08-01,MASA,177.88830525974575
Mazandaran,-20.9,40734,36.66,51.47,Nowshahr,2003-08-01,MASA,70.75359053711239
Mazandaran,610.0,99360,36.1,53.06,Polsefid,2003-08-01,MASA,54.66771252254787
Mazandaran,-20.0,40732,36.9,50.68,Ramsar,2003-08-01,MASA,54.73272628883663
Mazandaran,23.0,40759,36.54,53.0,Sari,2003-08-01,MASA,49.65658612350765
Mazandaran,16.7,40788,36.64,53.2,Sari (Dasht-E-Naz Airport),2003-08-01,MASA,30.062021089594992
Mazandaran,1855.4,40735,36.23,51.3,Siahbisheh,2003-08-01,MASA,67.61591262916866
Mazandaran,1805.0,99361,36.07,52.84,Alasht,2003-09-01,MASA,123.21271951822155
Mazandaran,23.7,99309,36.48,52.47,Amol,2003-09-01,MASA,64.72660060552471
Mazandaran,-21.0,40736,36.7,52.64,Babolsar,2003-09-01,MASA,34.000108200586965
Mazandaran,2120.0,99357,36.2,51.8,Baladeh,2003-09-01,MASA,118.12360044149273
Mazandaran,-20.0,99306,36.86,53.39,Bandar-E-Amirabad,2003-09-01,MASA,17.416784721888234
Mazandaran,-10.0,99299,36.74,53.84,Galugah,2003-09-01,MASA,50.86937006143444
Mazandaran,14.7,40737,36.49,52.11,Gharakhil,2003-09-01,MASA,182.42917414335125
Mazandaran,1294.3,40760,36.25,53.55,Kiyasar,2003-09-01,MASA,63.64242191938274
Mazandaran,1550.0,99348,36.39,51.73,Kojur,2003-09-01,MASA,284.4720577779185
Mazandaran,-20.9,40734,36.66,51.47,Nowshahr,2003-09-01,MASA,172.61878605512493
Mazandaran,610.0,99360,36.1,53.06,Polsefid,2003-09-01,MASA,96.79278190759533
Mazandaran,-20.0,40732,36.9,50.68,Ramsar,2003-09-01,MASA,259.58951767114513
Mazandaran,23.0,40759,36.54,53.0,Sari,2003-09-01,MASA,62.80020828870647
Mazandaran,16.7,40788,36.64,53.2,Sari (Dasht-E-Naz Airport),2003-09-01,MASA,38.52706607011669
Mazandaran,1855.4,40735,36.23,51.3,Siahbisheh,2003-09-01,MASA,81.33626933721416
Mazandaran,1805.0,99361,36.07,52.84,Alasht,2003-10-01,MASA,65.33261211990293
Mazandaran,23.7,99309,36.48,52.47,Amol,2003-10-01,MASA,171.3027712929147
Mazandaran,-21.0,40736,36.7,52.64,Babolsar,2003-10-01,MASA,135.6279981362718
Mazandaran,2120.0,99357,36.2,51.8,Baladeh,2003-10-01,MASA,88.66398604988035
Mazandaran,-20.0,99306,36.86,53.39,Bandar-E-Amirabad,2003-10-01,MASA,111.6331723558801
Mazandaran,-10.0,99299,36.74,53.84,Galugah,2003-10-01,MASA,119.93983956455168
Mazandaran,14.7,40737,36.49,52.11,Gharakhil,2003-10-01,MASA,230.88785084365782
Mazandaran,1294.3,40760,36.25,53.55,Kiyasar,2003-10-01,MASA,64.64809747814115
Mazandaran,1550.0,99348,36.39,51.73,Kojur,2003-10-01,MASA,96.22016372560438
Mazandaran,-20.9,40734,36.66,51.47,Nowshahr,2003-10-01,MASA,124.12129911064085
Mazandaran,610.0,99360,36.1,53.06,Polsefid,2003-10-01,MASA,61.60961660026487
Mazandaran,-20.0,40732,36.9,50.68,Ramsar,2003-10-01,MASA,128.28209074615415
Mazandaran,23.0,40759,36.54,53.0,Sari,2003-10-01,MASA,143.6299291479486
Mazandaran,16.7,40788,36.64,53.2,Sari (Dasht-E-Naz Airport),2003-10-01,MASA,132.00529488204893
Mazandaran,1855.4,40735,36.23,51.3,Siahbisheh,2003-10-01,MASA,45.9932741749185
Mazandaran,1805.0,99361,36.07,52.84,Alasht,2003-11-01,MASA,146.62006385291804
Mazandaran,23.7,99309,36.48,52.47,Amol,2003-11-01,MASA,189.34869654144038
Mazandaran,-21.0,40736,36.7,52.64,Babolsar,2003-11-01,MASA,158.51777679885615
Mazandaran,2120.0,99357,36.2,51.8,Baladeh,2003-11-01,MASA,92.13015325034846
Mazandaran,-20.0,99306,36.86,53.39,Bandar-E-Amirabad,2003-11-01,MASA,182.88169689143885
Mazandaran,-10.0,99299,36.74,53.84,Galugah,2003-11-01,MASA,139.9947095629095
Mazandaran,14.7,40737,36.49,52.11,Gharakhil,2003-11-01,MASA,253.9177525755285
Mazandaran,1294.3,40760,36.25,53.55,Kiyasar,2003-11-01,MASA,110.84858961070765
Mazandaran,1550.0,99348,36.39,51.73,Kojur,2003-11-01,MASA,153.15559394325007
Mazandaran,-20.9,40734,36.66,51.47,Nowshahr,2003-11-01,MASA,324.97431225742093
Mazandaran,610.0,99360,36.1,53.06,Polsefid,2003-11-01,MASA,123.48101921046961
Mazandaran,-20.0,40732,36.9,50.68,Ramsar,2003-11-01,MASA,375.5639929291128
Mazandaran,23.0,40759,36.54,53.0,Sari,2003-11-01,MASA,160.79012937511195
Mazandaran,16.7,40788,36.64,53.2,Sari (Dasht-E-Naz Airport),2003-11-01,MASA,155.05935139621485
Mazandaran,1855.4,40735,36.23,51.3,Siahbisheh,2003-11-01,MASA,71.9055969234823
Mazandaran,1805.0,99361,36.07,52.84,Alasht,2003-12-01,MASA,117.21763236264593
Mazandaran,23.7,99309,36.48,52.47,Amol,2003-12-01,MASA,156.56423790196783
Mazandaran,-21.0,40736,36.7,52.64,Babolsar,2003-12-01,MASA,94.92869896630651
Mazandaran,2120.0,99357,36.2,51.8,Baladeh,2003-12-01,MASA,78.29553110341436
Mazandaran,-20.0,99306,36.86,53.39,Bandar-E-Amirabad,2003-12-01,MASA,81.51750488023168
Mazandaran,-10.0,99299,36.74,53.84,Galugah,2003-12-01,MASA,79.31305689553625
Mazandaran,14.7,40737,36.49,52.11,Gharakhil,2003-12-01,MASA,212.46201021413214
Mazandaran,1294.3,40760,36.25,53.55,Kiyasar,2003-12-01,MASA,59.59068460206396
Mazandaran,1550.0,99348,36.39,51.73,Kojur,2003-12-01,MASA,118.6568610165537
Mazandaran,-20.9,40734,36.66,51.47,Nowshahr,2003-12-01,MASA,295.0412355158747
Mazandaran,610.0,99360,36.1,53.06,Polsefid,2003-12-01,MASA,104.92125375012762
Mazandaran,-20.0,40732,36.9,50.68,Ramsar,2003-12-01,MASA,333.7105981800974
Mazandaran,23.0,40759,36.54,53.0,Sari,2003-12-01,MASA,105.30668718556768
Mazandaran,16.7,40788,36.64,53.2,Sari (Dasht-E-Naz Airport),2003-12-01,MASA,81.77151007394201
Mazandaran,1855.4,40735,36.23,51.3,Siahbisheh,2003-12-01,MASA,85.82216722707159
Mazandaran,1805.0,99361,36.07,52.84,Alasht,2004-01-01,MASA,54.75718346542635
Mazandaran,23.7,99309,36.48,52.47,Amol,2004-01-01,MASA,74.00335935062685
Mazandaran,-21.0,40736,36.7,52.64,Babolsar,2004-01-01,MASA,44.60582700676241
Mazandaran,2120.0,99357,36.2,51.8,Baladeh,2004-01-01,MASA,54.754680070345785
Mazandaran,-20.0,99306,36.86,53.39,Bandar-E-Amirabad,2004-01-01,MASA,37.058239850466634
Mazandaran,-10.0,99299,36.74,53.84,Galugah,2004-01-01,MASA,45.928126248782064
Mazandaran,14.7,40737,36.49,52.11,Gharakhil,2004-01-01,MASA,98.64922431415835
Mazandaran,1294.3,40760,36.25,53.55,Kiyasar,2004-01-01,MASA,53.14653185314455
Mazandaran,1550.0,99348,36.39,51.73,Kojur,2004-01-01,MASA,50.70077446407595
Mazandaran,-20.9,40734,36.66,51.47,Nowshahr,2004-01-01,MASA,109.67965987629213
Mazandaran,610.0,99360,36.1,53.06,Polsefid,2004-01-01,MASA,49.18654826587954
Mazandaran,-20.0,40732,36.9,50.68,Ramsar,2004-01-01,MASA,154.4761863083295
Mazandaran,23.0,40759,36.54,53.0,Sari,2004-01-01,MASA,46.584060463374044
Mazandaran,16.7,40788,36.64,53.2,Sari (Dasht-E-Naz Airport),2004-01-01,MASA,41.47632983631411
Mazandaran,1855.4,40735,36.23,51.3,Siahbisheh,2004-01-01,MASA,61.15386453575411
Mazandaran,1805.0,99361,36.07,52.84,Alasht,2004-02-01,MASA,66.45558737399782
Mazandaran,23.7,99309,36.48,52.47,Amol,2004-02-01,MASA,62.382191048886426
Mazandaran,-21.0,40736,36.7,52.64,Babolsar,2004-02-01,MASA,19.787132369305738
Mazandaran,2120.0,99357,36.2,51.8,Baladeh,2004-02-01,MASA,54.388209806706556
Mazandaran,-20.0,99306,36.86,53.39,Bandar-E-Amirabad,2004-02-01,MASA,20.621358977582105
Mazandaran,-10.0,99299,36.74,53.84,Galugah,2004-02-01,MASA,29.249593244816907
Mazandaran,14.7,40737,36.49,52.11,Gharakhil,2004-02-01,MASA,110.93004010799135
Mazandaran,1294.3,40760,36.25,53.55,Kiyasar,2004-02-01,MASA,38.58834468009675
Mazandaran,1550.0,99348,36.39,51.73,Kojur,2004-02-01,MASA,69.00647245528901
Mazandaran,-20.9,40734,36.66,51.47,Nowshahr,2004-02-01,MASA,85.25696359756196
Mazandaran,610.0,99360,36.1,53.06,Polsefid,2004-02-01,MASA,58.321445809628614
Mazandaran,-20.0,40732,36.9,50.68,Ramsar,2004-02-01,MASA,122.60726057174409
Mazandaran,23.0,40759,36.54,53.0,Sari,2004-02-01,MASA,35.882278906132825
Mazandaran,16.7,40788,36.64,53.2,Sari (Dasht-E-Naz Airport),2004-02-01,MASA,25.239631162907727
Mazandaran,1855.4,40735,36.23,51.3,Siahbisheh,2004-02-01,MASA,53.15080248000825
Mazandaran,1805.0,99361,36.07,52.84,Alasht,2004-03-01,MASA,103.71237694308277
Mazandaran,23.7,99309,36.48,52.47,Amol,2004-03-01,MASA,99.65084194228169
Mazandaran,-21.0,40736,36.7,52.64,Babolsar,2004-03-01,MASA,89.83413576170918
Mazandaran,2120.0,99357,36.2,51.8,Baladeh,2004-03-01,MASA,134.58355962321278
Mazandaran,-20.0,99306,36.86,53.39,Bandar-E-Amirabad,2004-03-01,MASA,111.49169205710407
Mazandaran,-10.0,99299,36.74,53.84,Galugah,2004-03-01,MASA,102.14338897749897
Mazandaran,14.7,40737,36.49,52.11,Gharakhil,2004-03-01,MASA,134.11324917361256
Mazandaran,1294.3,40760,36.25,53.55,Kiyasar,2004-03-01,MASA,106.1079323200893
Mazandaran,1550.0,99348,36.39,51.73,Kojur,2004-03-01,MASA,117.16739534422871
Mazandaran,-20.9,40734,36.66,51.47,Nowshahr,2004-03-01,MASA,145.51734625384327
Mazandaran,610.0,99360,36.1,53.06,Polsefid,2004-03-01,MASA,105.59832750842091
Mazandaran,-20.0,40732,36.9,50.68,Ramsar,2004-03-01,MASA,151.8388062624645
Mazandaran,23.0,40759,36.54,53.0,Sari,2004-03-01,MASA,106.91359340235707
Mazandaran,16.7,40788,36.64,53.2,Sari (Dasht-E-Naz Airport),2004-03-01,MASA,109.06639396235462
Mazandaran,1855.4,40735,36.23,51.3,Siahbisheh,2004-03-01,MASA,138.50968777224537
Mazandaran,1805.0,99361,36.07,52.84,Alasht,2004-04-01,MASA,143.00892058476933
Mazandaran,23.7,99309,36.48,52.47,Amol,2004-04-01,MASA,98.38858548268803
Mazandaran,-21.0,40736,36.7,52.64,Babolsar,2004-04-01,MASA,65.3591931210471
Mazandaran,2120.0,99357,36.2,51.8,Baladeh,2004-04-01,MASA,136.85837689504154
Mazandaran,-20.0,99306,36.86,53.39,Bandar-E-Amirabad,2004-04-01,MASA,107.94964734181889
Mazandaran,-10.0,99299,36.74,53.84,Galugah,2004-04-01,MASA,112.4194890604926
Mazandaran,14.7,40737,36.49,52.11,Gharakhil,2004-04-01,MASA,136.61568168267735
Mazandaran,1294.3,40760,36.25,53.55,Kiyasar,2004-04-01,MASA,105.67355457410343
Mazandaran,1550.0,99348,36.39,51.73,Kojur,2004-04-01,MASA,152.22661498651036
Mazandaran,-20.9,40734,36.66,51.47,Nowshahr,2004-04-01,MASA,122.9233473883582
Mazandaran,610.0,99360,36.1,53.06,Polsefid,2004-04-01,MASA,134.80766419038304
Mazandaran,-20.0,40732,36.9,50.68,Ramsar,2004-04-01,MASA,132.53739777669438
Mazandaran,23.0,40759,36.54,53.0,Sari,2004-04-01,MASA,103.96929386720188
Mazandaran,16.7,40788,36.64,53.2,Sari (Dasht-E-Naz Airport),2004-04-01,MASA,98.98549619779118
Mazandaran,1855.4,40735,36.23,51.3,Siahbisheh,2004-04-01,MASA,144.97600797280796
Mazandaran,1805.0,99361,36.07,52.84,Alasht,2004-05-01,MASA,218.46491849731464
Mazandaran,23.7,99309,36.48,52.47,Amol,2004-05-01,MASA,90.79547977756519
Mazandaran,-21.0,40736,36.7,52.64,Babolsar,2004-05-01,MASA,36.71445703815479
Mazandaran,2120.0,99357,36.2,51.8,Baladeh,2004-05-01,MASA,158.3351866037752
Mazandaran,-20.0,99306,36.86,53.39,Bandar-E-Amirabad,2004-05-01,MASA,44.83240104030628
Mazandaran,-10.0,99299,36.74,53.84,Galugah,2004-05-01,MASA,109.58191013645191
Mazandaran,14.7,40737,36.49,52.11,Gharakhil,2004-05-01,MASA,218.12190866779346
Mazandaran,1294.3,40760,36.25,53.55,Kiyasar,2004-05-01,MASA,102.95391834091205
Mazandaran,1550.0,99348,36.39,51.73,Kojur,2004-05-01,MASA,259.6856728823092
Mazandaran,-20.9,40734,36.66,51.47,Nowshahr,2004-05-01,MASA,94.50992203067798
Mazandaran,610.0,99360,36.1,53.06,Polsefid,2004-05-01,MASA,181.47283053707142
Mazandaran,-20.0,40732,36.9,50.68,Ramsar,2004-05-01,MASA,110.14897382568378
Mazandaran,23.0,40759,36.54,53.0,Sari,2004-05-01,MASA,71.4725182087328
Mazandaran,16.7,40788,36.64,53.2,Sari (Dasht-E-Naz Airport),2004-05-01,MASA,59.468157652130316
Mazandaran,1855.4,40735,36.23,51.3,Siahbisheh,2004-05-01,MASA,128.8787201673891
Mazandaran,1805.0,99361,36.07,52.84,Alasht,2004-06-01,MASA,89.87402626880936
Mazandaran,23.7,99309,36.48,52.47,Amol,2004-06-01,MASA,57.330076485961
Mazandaran,-21.0,40736,36.7,52.64,Babolsar,2004-06-01,MASA,20.895560175269168
Mazandaran,2120.0,99357,36.2,51.8,Baladeh,2004-06-01,MASA,120.7347110808783
Mazandaran,-20.0,99306,36.86,53.39,Bandar-E-Amirabad,2004-06-01,MASA,36.16940686115555
Mazandaran,-10.0,99299,36.74,53.84,Galugah,2004-06-01,MASA,61.89164230236344
Mazandaran,14.7,40737,36.49,52.11,Gharakhil,2004-06-01,MASA,125.59602865585617
Mazandaran,1294.3,40760,36.25,53.55,Kiyasar,2004-06-01,MASA,85.47986009725861
Mazandaran,1550.0,99348,36.39,51.73,Kojur,2004-06-01,MASA,203.72383007416062
Mazandaran,-20.9,40734,36.66,51.47,Nowshahr,2004-06-01,MASA,111.74805173286728
Mazandaran,610.0,99360,36.1,53.06,Polsefid,2004-06-01,MASA,86.56697431215576
Mazandaran,-20.0,40732,36.9,50.68,Ramsar,2004-06-01,MASA,140.2441383303099
Mazandaran,23.0,40759,36.54,53.0,Sari,2004-06-01,MASA,64.6002785266333
Mazandaran,16.7,40788,36.64,53.2,Sari (Dasht-E-Naz Airport),2004-06-01,MASA,52.826058954089206
Mazandaran,1855.4,40735,36.23,51.3,Siahbisheh,2004-06-01,MASA,123.53326836237244
Mazandaran,1805.0,99361,36.07,52.84,Alasht,2004-07-01,MASA,146.10935869216846
Mazandaran,23.7,99309,36.48,52.47,Amol,2004-07-01,MASA,133.46852483749316
Mazandaran,-21.0,40736,36.7,52.64,Babolsar,2004-07-01,MASA,67.01436760425494
Mazandaran,2120.0,99357,36.2,51.8,Baladeh,2004-07-01,MASA,207.58170011043475
Mazandaran,-20.0,99306,36.86,53.39,Bandar-E-Amirabad,2004-07-01,MASA,59.38063683509753
Mazandaran,-10.0,99299,36.74,53.84,Galugah,2004-07-01,MASA,96.01748111247943
Mazandaran,14.7,40737,36.49,52.11,Gharakhil,2004-07-01,MASA,273.51813139915396
Mazandaran,1294.3,40760,36.25,53.55,Kiyasar,2004-07-01,MASA,94.1911053895943
Mazandaran,1550.0,99348,36.39,51.73,Kojur,2004-07-01,MASA,272.01135578155447
Mazandaran,-20.9,40734,36.66,51.47,Nowshahr,2004-07-01,MASA,152.38006534576343
Mazandaran,610.0,99360,36.1,53.06,Polsefid,2004-07-01,MASA,133.78341617584155
Mazandaran,-20.0,40732,36.9,50.68,Ramsar,2004-07-01,MASA,133.80561890602038
Mazandaran,23.0,40759,36.54,53.0,Sari,2004-07-01,MASA,123.81848814487384
Mazandaran,16.7,40788,36.64,53.2,Sari (Dasht-E-Naz Airport),2004-07-01,MASA,91.51642146110461
Mazandaran,1855.4,40735,36.23,51.3,Siahbisheh,2004-07-01,MASA,140.8902418851845
Mazandaran,1805.0,99361,36.07,52.84,Alasht,2004-08-01,MASA,59.234021152597904
Mazandaran,23.7,99309,36.48,52.47,Amol,2004-08-01,MASA,26.798723186594486
Mazandaran,-21.0,40736,36.7,52.64,Babolsar,2004-08-01,MASA,6.252897824388981
Mazandaran,2120.0,99357,36.2,51.8,Baladeh,2004-08-01,MASA,114.59986671362543
Mazandaran,-20.0,99306,36.86,53.39,Bandar-E-Amirabad,2004-08-01,MASA,5.539027895075321
Mazandaran,-10.0,99299,36.74,53.84,Galugah,2004-08-01,MASA,16.280261720758915
Mazandaran,14.7,40737,36.49,52.11,Gharakhil,2004-08-01,MASA,87.10488482866907
Mazandaran,1294.3,40760,36.25,53.55,Kiyasar,2004-08-01,MASA,22.06851347838068
Mazandaran,1550.0,99348,36.39,51.73,Kojur,2004-08-01,MASA,189.96131225977564
Mazandaran,-20.9,40734,36.66,51.47,Nowshahr,2004-08-01,MASA,52.133886064630985
Mazandaran,610.0,99360,36.1,53.06,Polsefid,2004-08-01,MASA,43.826443995577335
Mazandaran,-20.0,40732,36.9,50.68,Ramsar,2004-08-01,MASA,67.32301219854975
Mazandaran,23.0,40759,36.54,53.0,Sari,2004-08-01,MASA,26.16271182451868
Mazandaran,16.7,40788,36.64,53.2,Sari (Dasht-E-Naz Airport),2004-08-01,MASA,14.811782087427616
Mazandaran,1855.4,40735,36.23,51.3,Siahbisheh,2004-08-01,MASA,84.94066997919703
Mazandaran,1805.0,99361,36.07,52.84,Alasht,2004-09-01,MASA,66.42122131676231
Mazandaran,23.7,99309,36.48,52.47,Amol,2004-09-01,MASA,83.22996956200157
Mazandaran,-21.0,40736,36.7,52.64,Babolsar,2004-09-01,MASA,29.655943931050643
Mazandaran,2120.0,99357,36.2,51.8,Baladeh,2004-09-01,MASA,142.3940168032125
Mazandaran,-20.0,99306,36.86,53.39,Bandar-E-Amirabad,2004-09-01,MASA,10.782252372212753
Mazandaran,-10.0,99299,36.74,53.84,Galugah,2004-09-01,MASA,31.002055228658065
Mazandaran,14.7,40737,36.49,52.11,Gharakhil,2004-09-01,MASA,221.47342127651726
Mazandaran,1294.3,40760,36.25,53.55,Kiyasar,2004-09-01,MASA,74.64460593552147
Mazandaran,1550.0,99348,36.39,51.73,Kojur,2004-09-01,MASA,292.387108624883
Mazandaran,-20.9,40734,36.66,51.47,Nowshahr,2004-09-01,MASA,164.72039681763206
Mazandaran,610.0,99360,36.1,53.06,Polsefid,2004-09-01,MASA,58.96670681328331
Mazandaran,-20.0,40732,36.9,50.68,Ramsar,2004-09-01,MASA,244.9883179077581
Mazandaran,23.0,40759,36.54,53.0,Sari,2004-09-01,MASA,72.60575455517326
Mazandaran,16.7,40788,36.64,53.2,Sari (Dasht-E-Naz Airport),2004-09-01,MASA,49.960906923718795
Mazandaran,1855.4,40735,36.23,51.3,Siahbisheh,2004-09-01,MASA,82.47282666058098
Mazandaran,1805.0,99361,36.07,52.84,Alasht,2004-10-01,MASA,78.63575667340683
Mazandaran,23.7,99309,36.48,52.47,Amol,2004-10-01,MASA,131.74795061547684
Mazandaran,-21.0,40736,36.7,52.64,Babolsar,2004-10-01,MASA,61.133702101301424
Mazandaran,2120.0,99357,36.2,51.8,Baladeh,2004-10-01,MASA,79.37778979737686
Mazandaran,-20.0,99306,36.86,53.39,Bandar-E-Amirabad,2004-10-01,MASA,59.89543050725388
Mazandaran,-10.0,99299,36.74,53.84,Galugah,2004-10-01,MASA,88.338975610327
Mazandaran,14.7,40737,36.49,52.11,Gharakhil,2004-10-01,MASA,175.33572465379166
Mazandaran,1294.3,40760,36.25,53.55,Kiyasar,2004-10-01,MASA,64.06473070580887
Mazandaran,1550.0,99348,36.39,51.73,Kojur,2004-10-01,MASA,111.7796197553389
Mazandaran,-20.9,40734,36.66,51.47,Nowshahr,2004-10-01,MASA,167.67494827706741
Mazandaran,610.0,99360,36.1,53.06,Polsefid,2004-10-01,MASA,61.840568484853975
Mazandaran,-20.0,40732,36.9,50.68,Ramsar,2004-10-01,MASA,253.60043794114517
Mazandaran,23.0,40759,36.54,53.0,Sari,2004-10-01,MASA,105.09936958749222
Mazandaran,16.7,40788,36.64,53.2,Sari (Dasht-E-Naz Airport),2004-10-01,MASA,88.00822943646835
Mazandaran,1855.4,40735,36.23,51.3,Siahbisheh,2004-10-01,MASA,64.08757418591904
Mazandaran,1805.0,99361,36.07,52.84,Alasht,2004-11-01,MASA,201.5164771883029
Mazandaran,23.7,99309,36.48,52.47,Amol,2004-11-01,MASA,177.49022485895338
Mazandaran,-21.0,40736,36.7,52.64,Babolsar,2004-11-01,MASA,128.88841869516554
Mazandaran,2120.0,99357,36.2,51.8,Baladeh,2004-11-01,MASA,146.80193903131666
Mazandaran,-20.0,99306,36.86,53.39,Bandar-E-Amirabad,2004-11-01,MASA,135.02611013336363
Mazandaran,-10.0,99299,36.74,53.84,Galugah,2004-11-01,MASA,167.3060560433406
Mazandaran,14.7,40737,36.49,52.11,Gharakhil,2004-11-01,MASA,319.71047612114137
Mazandaran,1294.3,40760,36.25,53.55,Kiyasar,2004-11-01,MASA,114.5745793191928
Mazandaran,1550.0,99348,36.39,51.73,Kojur,2004-11-01,MASA,220.45246305151167
Mazandaran,-20.9,40734,36.66,51.47,Nowshahr,2004-11-01,MASA,348.29752685709184
Mazandaran,610.0,99360,36.1,53.06,Polsefid,2004-11-01,MASA,189.02401419563475
Mazandaran,-20.0,40732,36.9,50.68,Ramsar,2004-11-01,MASA,284.7503030507106
Mazandaran,23.0,40759,36.54,53.0,Sari,2004-11-01,MASA,144.42403407974425
Mazandaran,16.7,40788,36.64,53.2,Sari (Dasht-E-Naz Airport),2004-11-01,MASA,137.32208850069227
Mazandaran,1855.4,40735,36.23,51.3,Siahbisheh,2004-11-01,MASA,128.57819887085142
Mazandaran,1805.0,99361,36.07,52.84,Alasht,2004-12-01,MASA,122.49043876547105
Mazandaran,23.7,99309,36.48,52.47,Amol,2004-12-01,MASA,161.85379320997484
Mazandaran,-21.0,40736,36.7,52.64,Babolsar,2004-12-01,MASA,180.6752710999895
Mazandaran,2120.0,99357,36.2,51.8,Baladeh,2004-12-01,MASA,85.48885876554735
Mazandaran,-20.0,99306,36.86,53.39,Bandar-E-Amirabad,2004-12-01,MASA,158.35058981794603
Mazandaran,-10.0,99299,36.74,53.84,Galugah,2004-12-01,MASA,114.64742118734605
Mazandaran,14.7,40737,36.49,52.11,Gharakhil,2004-12-01,MASA,178.1195133389879
Mazandaran,1294.3,40760,36.25,53.55,Kiyasar,2004-12-01,MASA,125.1305669011522
Mazandaran,1550.0,99348,36.39,51.73,Kojur,2004-12-01,MASA,116.04188675302751
Mazandaran,-20.9,40734,36.66,51.47,Nowshahr,2004-12-01,MASA,252.33155781645067
Mazandaran,610.0,99360,36.1,53.06,Polsefid,2004-12-01,MASA,117.8671746911455
Mazandaran,-20.0,40732,36.9,50.68,Ramsar,2004-12-01,MASA,309.6117257537294
Mazandaran,23.0,40759,36.54,53.0,Sari,2004-12-01,MASA,158.23093349355943
Mazandaran,16.7,40788,36.64,53.2,Sari (Dasht-E-Naz Airport),2004-12-01,MASA,153.59977180380113
Mazandaran,1855.4,40735,36.23,51.3,Siahbisheh,2004-12-01,MASA,83.78911311048753
Mazandaran,1805.0,99361,36.07,52.84,Alasht,2005-01-01,MASA,63.88245960185657
Mazandaran,23.7,99309,36.48,52.47,Amol,2005-01-01,MASA,91.52205725619922
Mazandaran,-21.0,40736,36.7,52.64,Babolsar,2005-01-01,MASA,87.82081743190417
Mazandaran,2120.0,99357,36.2,51.8,Baladeh,2005-01-01,MASA,53.051073750950195
Mazandaran,-20.0,99306,36.86,53.39,Bandar-E-Amirabad,2005-01-01,MASA,113.05751343677173
Mazandaran,-10.0,99299,36.74,53.84,Galugah,2005-01-01,MASA,117.30862101028094
Mazandaran,14.7,40737,36.49,52.11,Gharakhil,2005-01-01,MASA,96.40075703570972
Mazandaran,1294.3,40760,36.25,53.55,Kiyasar,2005-01-01,MASA,119.11721964786182
Mazandaran,1550.0,99348,36.39,51.73,Kojur,2005-01-01,MASA,50.63994666049609
Mazandaran,-20.9,40734,36.66,51.47,Nowshahr,2005-01-01,MASA,125.62951882789264
Mazandaran,610.0,99360,36.1,53.06,Polsefid,2005-01-01,MASA,73.1354995579494
Mazandaran,-20.0,40732,36.9,50.68,Ramsar,2005-01-01,MASA,153.4478112072719
Mazandaran,23.0,40759,36.54,53.0,Sari,2005-01-01,MASA,110.31984229991565
Mazandaran,16.7,40788,36.64,53.2,Sari (Dasht-E-Naz Airport),2005-01-01,MASA,122.25771387527118
Mazandaran,1855.4,40735,36.23,51.3,Siahbisheh,2005-01-01,MASA,54.776941141582824
Mazandaran,1805.0,99361,36.07,52.84,Alasht,2005-02-01,MASA,64.52073195994856
Mazandaran,23.7,99309,36.48,52.47,Amol,2005-02-01,MASA,97.47592398942473
Mazandaran,-21.0,40736,36.7,52.64,Babolsar,2005-02-01,MASA,72.49001452744963
Mazandaran,2120.0,99357,36.2,51.8,Baladeh,2005-02-01,MASA,61.149165425906205
Mazandaran,-20.0,99306,36.86,53.39,Bandar-E-Amirabad,2005-02-01,MASA,57.172358427653336
Mazandaran,-10.0,99299,36.74,53.84,Galugah,2005-02-01,MASA,69.76909974635603
Mazandaran,14.7,40737,36.49,52.11,Gharakhil,2005-02-01,MASA,112.67692634881499
Mazandaran,1294.3,40760,36.25,53.55,Kiyasar,2005-02-01,MASA,63.753694687495255
Mazandaran,1550.0,99348,36.39,51.73,Kojur,2005-02-01,MASA,72.07240203441145
Mazandaran,-20.9,40734,36.66,51.47,Nowshahr,2005-02-01,MASA,201.26283207953932
Mazandaran,610.0,99360,36.1,53.06,Polsefid,2005-02-01,MASA,61.81047895968916
Mazandaran,-20.0,40732,36.9,50.68,Ramsar,2005-02-01,MASA,209.33027604640486
Mazandaran,23.0,40759,36.54,53.0,Sari,2005-02-01,MASA,78.61034611285689
Mazandaran,16.7,40788,36.64,53.2,Sari (Dasht-E-Naz Airport),2005-02-01,MASA,67.06993321002486
Mazandaran,1855.4,40735,36.23,51.3,Siahbisheh,2005-02-01,MASA,82.32448289216521
Mazandaran,1805.0,99361,36.07,52.84,Alasht,2005-03-01,MASA,76.75893362464237
Mazandaran,23.7,99309,36.48,52.47,Amol,2005-03-01,MASA,97.13618215026187
Mazandaran,-21.0,40736,36.7,52.64,Babolsar,2005-03-01,MASA,56.71022590102481
Mazandaran,2120.0,99357,36.2,51.8,Baladeh,2005-03-01,MASA,108.1553822368555
Mazandaran,-20.0,99306,36.86,53.39,Bandar-E-Amirabad,2005-03-01,MASA,58.83072074355411
Mazandaran,-10.0,99299,36.74,53.84,Galugah,2005-03-01,MASA,75.7290100664072
Mazandaran,14.7,40737,36.49,52.11,Gharakhil,2005-03-01,MASA,129.25548609198856
Mazandaran,1294.3,40760,36.25,53.55,Kiyasar,2005-03-01,MASA,64.11526854934024
Mazandaran,1550.0,99348,36.39,51.73,Kojur,2005-03-01,MASA,102.29930039347934
Mazandaran,-20.9,40734,36.66,51.47,Nowshahr,2005-03-01,MASA,129.15083523692417
Mazandaran,610.0,99360,36.1,53.06,Polsefid,2005-03-01,MASA,74.65058322848606
Mazandaran,-20.0,40732,36.9,50.68,Ramsar,2005-03-01,MASA,156.27281125487613
Mazandaran,23.0,40759,36.54,53.0,Sari,2005-03-01,MASA,76.3635760158472
Mazandaran,16.7,40788,36.64,53.2,Sari (Dasht-E-Naz Airport),2005-03-01,MASA,64.1955262035303
Mazandaran,1855.4,40735,36.23,51.3,Siahbisheh,2005-03-01,MASA,147.50692006053256
Mazandaran,1805.0,99361,36.07,52.84,Alasht,2005-04-01,MASA,70.33045194246412
Mazandaran,23.7,99309,36.48,52.47,Amol,2005-04-01,MASA,34.37828621961714
Mazandaran,-21.0,40736,36.7,52.64,Babolsar,2005-04-01,MASA,18.5395141611302
Mazandaran,2120.0,99357,36.2,51.8,Baladeh,2005-04-01,MASA,50.41601858236433
Mazandaran,-20.0,99306,36.86,53.39,Bandar-E-Amirabad,2005-04-01,MASA,23.32098386385084
Mazandaran,-10.0,99299,36.74,53.84,Galugah,2005-04-01,MASA,53.87760303117872
Mazandaran,14.7,40737,36.49,52.11,Gharakhil,2005-04-01,MASA,76.914321399709
Mazandaran,1294.3,40760,36.25,53.55,Kiyasar,2005-04-01,MASA,33.15320215322615
Mazandaran,1550.0,99348,36.39,51.73,Kojur,2005-04-01,MASA,57.97817907430769
Mazandaran,-20.9,40734,36.66,51.47,Nowshahr,2005-04-01,MASA,34.56791839697004
Mazandaran,610.0,99360,36.1,53.06,Polsefid,2005-04-01,MASA,64.8923327694142
Mazandaran,-20.0,40732,36.9,50.68,Ramsar,2005-04-01,MASA,46.72452411749006
Mazandaran,23.0,40759,36.54,53.0,Sari,2005-04-01,MASA,28.585772729893932
Mazandaran,16.7,40788,36.64,53.2,Sari (Dasht-E-Naz Airport),2005-04-01,MASA,27.995418525716076
Mazandaran,1855.4,40735,36.23,51.3,Siahbisheh,2005-04-01,MASA,56.63348338701368
Mazandaran,1805.0,99361,36.07,52.84,Alasht,2005-05-01,MASA,204.1131176544404
Mazandaran,23.7,99309,36.48,52.47,Amol,2005-05-01,MASA,110.78976770174265
Mazandaran,-21.0,40736,36.7,52.64,Babolsar,2005-05-01,MASA,40.644905765173434
Mazandaran,2120.0,99357,36.2,51.8,Baladeh,2005-05-01,MASA,159.75596686136484
Mazandaran,-20.0,99306,36.86,53.39,Bandar-E-Amirabad,2005-05-01,MASA,49.47995324861765
Mazandaran,-10.0,99299,36.74,53.84,Galugah,2005-05-01,MASA,99.85699435007334
Mazandaran,14.7,40737,36.49,52.11,Gharakhil,2005-05-01,MASA,231.59526963960886
Mazandaran,1294.3,40760,36.25,53.55,Kiyasar,2005-05-01,MASA,111.34222825300455
Mazandaran,1550.0,99348,36.39,51.73,Kojur,2005-05-01,MASA,206.64714952242136
Mazandaran,-20.9,40734,36.66,51.47,Nowshahr,2005-05-01,MASA,101.34755750429392
Mazandaran,610.0,99360,36.1,53.06,Polsefid,2005-05-01,MASA,185.44260342848062
Mazandaran,-20.0,40732,36.9,50.68,Ramsar,2005-05-01,MASA,89.47544475328684
Mazandaran,23.0,40759,36.54,53.0,Sari,2005-05-01,MASA,89.9369337154603
Mazandaran,16.7,40788,36.64,53.2,Sari (Dasht-E-Naz Airport),2005-05-01,MASA,65.89443166982889
Mazandaran,1855.4,40735,36.23,51.3,Siahbisheh,2005-05-01,MASA,119.6980990959382
Mazandaran,1805.0,99361,36.07,52.84,Alasht,2005-06-01,MASA,98.04889794860117
Mazandaran,23.7,99309,36.48,52.47,Amol,2005-06-01,MASA,58.21302768264047
Mazandaran,-21.0,40736,36.7,52.64,Babolsar,2005-06-01,MASA,20.264672603943268
Mazandaran,2120.0,99357,36.2,51.8,Baladeh,2005-06-01,MASA,109.65049501929514
Mazandaran,-20.0,99306,36.86,53.39,Bandar-E-Amirabad,2005-06-01,MASA,24.07117423091165
Mazandaran,-10.0,99299,36.74,53.84,Galugah,2005-06-01,MASA,52.493738499023834
Mazandaran,14.7,40737,36.49,52.11,Gharakhil,2005-06-01,MASA,147.93516930613748
Mazandaran,1294.3,40760,36.25,53.55,Kiyasar,2005-06-01,MASA,70.75582679782144
Mazandaran,1550.0,99348,36.39,51.73,Kojur,2005-06-01,MASA,181.81331690821878
Mazandaran,-20.9,40734,36.66,51.47,Nowshahr,2005-06-01,MASA,98.10322758231393
Mazandaran,610.0,99360,36.1,53.06,Polsefid,2005-06-01,MASA,95.52236136470071
Mazandaran,-20.0,40732,36.9,50.68,Ramsar,2005-06-01,MASA,94.54603728327982
Mazandaran,23.0,40759,36.54,53.0,Sari,2005-06-01,MASA,68.9309262898945
Mazandaran,16.7,40788,36.64,53.2,Sari (Dasht-E-Naz Airport),2005-06-01,MASA,46.05597492728464
Mazandaran,1855.4,40735,36.23,51.3,Siahbisheh,2005-06-01,MASA,85.22808786902658
Mazandaran,1805.0,99361,36.07,52.84,Alasht,2005-07-01,MASA,37.36057549523508
Mazandaran,23.7,99309,36.48,52.47,Amol,2005-07-01,MASA,42.62260764645731
Mazandaran,-21.0,40736,36.7,52.64,Babolsar,2005-07-01,MASA,4.719477591983434
Mazandaran,2120.0,99357,36.2,51.8,Baladeh,2005-07-01,MASA,102.7613845448414
Mazandaran,-20.0,99306,36.86,53.39,Bandar-E-Amirabad,2005-07-01,MASA,1.5374091248432364
Mazandaran,-10.0,99299,36.74,53.84,Galugah,2005-07-01,MASA,6.644722519389745
Mazandaran,14.7,40737,36.49,52.11,Gharakhil,2005-07-01,MASA,67.17778414296305
Mazandaran,1294.3,40760,36.25,53.55,Kiyasar,2005-07-01,MASA,25.33241778420603
Mazandaran,1550.0,99348,36.39,51.73,Kojur,2005-07-01,MASA,106.20832115220225
Mazandaran,-20.9,40734,36.66,51.47,Nowshahr,2005-07-01,MASA,22.117954192630407
Mazandaran,610.0,99360,36.1,53.06,Polsefid,2005-07-01,MASA,30.605864224902746
Mazandaran,-20.0,40732,36.9,50.68,Ramsar,2005-07-01,MASA,31.543862519733068
Mazandaran,23.0,40759,36.54,53.0,Sari,2005-07-01,MASA,24.420049486629125
Mazandaran,16.7,40788,36.64,53.2,Sari (Dasht-E-Naz Airport),2005-07-01,MASA,10.94802886056101
Mazandaran,1855.4,40735,36.23,51.3,Siahbisheh,2005-07-01,MASA,72.48374491738474
Mazandaran,1805.0,99361,36.07,52.84,Alasht,2005-08-01,MASA,103.21486912225097
Mazandaran,23.7,99309,36.48,52.47,Amol,2005-08-01,MASA,57.750845174535215
Mazandaran,-21.0,40736,36.7,52.64,Babolsar,2005-08-01,MASA,21.547475676282346
Mazandaran,2120.0,99357,36.2,51.8,Baladeh,2005-08-01,MASA,195.97969375108093
Mazandaran,-20.0,99306,36.86,53.39,Bandar-E-Amirabad,2005-08-01,MASA,15.815013866170347
Mazandaran,-10.0,99299,36.74,53.84,Galugah,2005-08-01,MASA,17.033496718152463
Mazandaran,14.7,40737,36.49,52.11,Gharakhil,2005-08-01,MASA,204.01697776769012
Mazandaran,1294.3,40760,36.25,53.55,Kiyasar,2005-08-01,MASA,53.34405026887268
Mazandaran,1550.0,99348,36.39,51.73,Kojur,2005-08-01,MASA,279.591942052587
Mazandaran,-20.9,40734,36.66,51.47,Nowshahr,2005-08-01,MASA,126.36398694966644
Mazandaran,610.0,99360,36.1,53.06,Polsefid,2005-08-01,MASA,71.37327812169403
Mazandaran,-20.0,40732,36.9,50.68,Ramsar,2005-08-01,MASA,90.18207512353271
Mazandaran,23.0,40759,36.54,53.0,Sari,2005-08-01,MASA,44.82875190232605
Mazandaran,16.7,40788,36.64,53.2,Sari (Dasht-E-Naz Airport),2005-08-01,MASA,29.863664726956785
Mazandaran,1855.4,40735,36.23,51.3,Siahbisheh,2005-08-01,MASA,144.60522852395385
Mazandaran,1805.0,99361,36.07,52.84,Alasht,2005-09-01,MASA,317.88321473402095
Mazandaran,23.7,99309,36.48,52.47,Amol,2005-09-01,MASA,107.44855441850731
Mazandaran,-21.0,40736,36.7,52.64,Babolsar,2005-09-01,MASA,61.96275987428734
Mazandaran,2120.0,99357,36.2,51.8,Baladeh,2005-09-01,MASA,113.37984242242882
Mazandaran,-20.0,99306,36.86,53.39,Bandar-E-Amirabad,2005-09-01,MASA,87.02757098478386
Mazandaran,-10.0,99299,36.74,53.84,Galugah,2005-09-01,MASA,177.71655955118248
Mazandaran,14.7,40737,36.49,52.11,Gharakhil,2005-09-01,MASA,217.82392897409508
Mazandaran,1294.3,40760,36.25,53.55,Kiyasar,2005-09-01,MASA,141.37064554494927
Mazandaran,1550.0,99348,36.39,51.73,Kojur,2005-09-01,MASA,239.91747834486077
Mazandaran,-20.9,40734,36.66,51.47,Nowshahr,2005-09-01,MASA,111.63978912633965
Mazandaran,610.0,99360,36.1,53.06,Polsefid,2005-09-01,MASA,307.9389099101455
Mazandaran,-20.0,40732,36.9,50.68,Ramsar,2005-09-01,MASA,133.8135812501342
Mazandaran,23.0,40759,36.54,53.0,Sari,2005-09-01,MASA,140.13568200868676
Mazandaran,16.7,40788,36.64,53.2,Sari (Dasht-E-Naz Airport),2005-09-01,MASA,137.1707681636245
Mazandaran,1855.4,40735,36.23,51.3,Siahbisheh,2005-09-01,MASA,79.36993875307152
Mazandaran,1805.0,99361,36.07,52.84,Alasht,2005-10-01,MASA,163.6667257639246
Mazandaran,23.7,99309,36.48,52.47,Amol,2005-10-01,MASA,129.96868849719334
Mazandaran,-21.0,40736,36.7,52.64,Babolsar,2005-10-01,MASA,77.19241143191624
Mazandaran,2120.0,99357,36.2,51.8,Baladeh,2005-10-01,MASA,121.05290652240086
Mazandaran,-20.0,99306,36.86,53.39,Bandar-E-Amirabad,2005-10-01,MASA,65.62976599658299
Mazandaran,-10.0,99299,36.74,53.84,Galugah,2005-10-01,MASA,80.122694978364
Mazandaran,14.7,40737,36.49,52.11,Gharakhil,2005-10-01,MASA,249.97322321856785
Mazandaran,1294.3,40760,36.25,53.55,Kiyasar,2005-10-01,MASA,69.1322392317133
Mazandaran,1550.0,99348,36.39,51.73,Kojur,2005-10-01,MASA,205.92980147326756
Mazandaran,-20.9,40734,36.66,51.47,Nowshahr,2005-10-01,MASA,241.75889850581456
Mazandaran,610.0,99360,36.1,53.06,Polsefid,2005-10-01,MASA,132.69943059409428
Mazandaran,-20.0,40732,36.9,50.68,Ramsar,2005-10-01,MASA,331.97860480273533
Mazandaran,23.0,40759,36.54,53.0,Sari,2005-10-01,MASA,91.93450273001957
Mazandaran,16.7,40788,36.64,53.2,Sari (Dasht-E-Naz Airport),2005-10-01,MASA,78.21400524104405
Mazandaran,1855.4,40735,36.23,51.3,Siahbisheh,2005-10-01,MASA,77.25779772723484
Mazandaran,1805.0,99361,36.07,52.84,Alasht,2005-11-01,MASA,134.8648539138999
Mazandaran,23.7,99309,36.48,52.47,Amol,2005-11-01,MASA,144.92397218477393
Mazandaran,-21.0,40736,36.7,52.64,Babolsar,2005-11-01,MASA,124.91546779405738
Mazandaran,2120.0,99357,36.2,51.8,Baladeh,2005-11-01,MASA,65.47150223982001
Mazandaran,-20.0,99306,36.86,53.39,Bandar-E-Amirabad,2005-11-01,MASA,133.04074316751624
Mazandaran,-10.0,99299,36.74,53.84,Galugah,2005-11-01,MASA,137.0885243965354
Mazandaran,14.7,40737,36.49,52.11,Gharakhil,2005-11-01,MASA,170.79898923170234
Mazandaran,1294.3,40760,36.25,53.55,Kiyasar,2005-11-01,MASA,97.47638016473914
Mazandaran,1550.0,99348,36.39,51.73,Kojur,2005-11-01,MASA,88.01077514421607
Mazandaran,-20.9,40734,36.66,51.47,Nowshahr,2005-11-01,MASA,174.19880836736823
Mazandaran,610.0,99360,36.1,53.06,Polsefid,2005-11-01,MASA,119.00472849142218
Mazandaran,-20.0,40732,36.9,50.68,Ramsar,2005-11-01,MASA,167.92685001623298
Mazandaran,23.0,40759,36.54,53.0,Sari,2005-11-01,MASA,133.1399252964225
Mazandaran,16.7,40788,36.64,53.2,Sari (Dasht-E-Naz Airport),2005-11-01,MASA,129.199506933805
Mazandaran,1855.4,40735,36.23,51.3,Siahbisheh,2005-11-01,MASA,50.22478311788703
Mazandaran,1805.0,99361,36.07,52.84,Alasht,2005-12-01,MASA,45.16163312012722
Mazandaran,23.7,99309,36.48,52.47,Amol,2005-12-01,MASA,76.84893749768307
Mazandaran,-21.0,40736,36.7,52.64,Babolsar,2005-12-01,MASA,52.3887708049493
Mazandaran,2120.0,99357,36.2,51.8,Baladeh,2005-12-01,MASA,43.16930316502621
Mazandaran,-20.0,99306,36.86,53.39,Bandar-E-Amirabad,2005-12-01,MASA,63.18858109528591
Mazandaran,-10.0,99299,36.74,53.84,Galugah,2005-12-01,MASA,55.283306465693016
Mazandaran,14.7,40737,36.49,52.11,Gharakhil,2005-12-01,MASA,80.28164349610378
Mazandaran,1294.3,40760,36.25,53.55,Kiyasar,2005-12-01,MASA,57.32460163647701
Mazandaran,1550.0,99348,36.39,51.73,Kojur,2005-12-01,MASA,42.06785403306057
Mazandaran,-20.9,40734,36.66,51.47,Nowshahr,2005-12-01,MASA,115.093453155108
Mazandaran,610.0,99360,36.1,53.06,Polsefid,2005-12-01,MASA,49.66877244526913
Mazandaran,-20.0,40732,36.9,50.68,Ramsar,2005-12-01,MASA,123.1510623555856
Mazandaran,23.0,40759,36.54,53.0,Sari,2005-12-01,MASA,71.7180355649667
Mazandaran,16.7,40788,36.64,53.2,Sari (Dasht-E-Naz Airport),2005-12-01,MASA,64.81692038590481
Mazandaran,1855.4,40735,36.23,51.3,Siahbisheh,2005-12-01,MASA,62.04292021805813
Mazandaran,1805.0,99361,36.07,52.84,Alasht,2006-01-01,MASA,73.73908324628431
Mazandaran,23.7,99309,36.48,52.47,Amol,2006-01-01,MASA,89.28254409223157
Mazandaran,-21.0,40736,36.7,52.64,Babolsar,2006-01-01,MASA,57.790489629798714
Mazandaran,2120.0,99357,36.2,51.8,Baladeh,2006-01-01,MASA,51.831545070701424
Mazandaran,-20.0,99306,36.86,53.39,Bandar-E-Amirabad,2006-01-01,MASA,63.35865123658735
Mazandaran,-10.0,99299,36.74,53.84,Galugah,2006-01-01,MASA,67.72299273400861
Mazandaran,14.7,40737,36.49,52.11,Gharakhil,2006-01-01,MASA,108.8771985331114
Mazandaran,1294.3,40760,36.25,53.55,Kiyasar,2006-01-01,MASA,53.86094911485273
Mazandaran,1550.0,99348,36.39,51.73,Kojur,2006-01-01,MASA,60.61564548402387
Mazandaran,-20.9,40734,36.66,51.47,Nowshahr,2006-01-01,MASA,160.1825372734602
Mazandaran,610.0,99360,36.1,53.06,Polsefid,2006-01-01,MASA,73.75513179689008
Mazandaran,-20.0,40732,36.9,50.68,Ramsar,2006-01-01,MASA,221.94223268418867
Mazandaran,23.0,40759,36.54,53.0,Sari,2006-01-01,MASA,73.43559129624921
Mazandaran,16.7,40788,36.64,53.2,Sari (Dasht-E-Naz Airport),2006-01-01,MASA,65.72635634332258
Mazandaran,1855.4,40735,36.23,51.3,Siahbisheh,2006-01-01,MASA,79.43950755982954
Mazandaran,1805.0,99361,36.07,52.84,Alasht,2006-02-01,MASA,43.712210202670576
Mazandaran,23.7,99309,36.48,52.47,Amol,2006-02-01,MASA,67.97572627112913
Mazandaran,-21.0,40736,36.7,52.64,Babolsar,2006-02-01,MASA,20.875718737102034
Mazandaran,2120.0,99357,36.2,51.8,Baladeh,2006-02-01,MASA,78.4232284073596
Mazandaran,-20.0,99306,36.86,53.39,Bandar-E-Amirabad,2006-02-01,MASA,29.184710526919844
Mazandaran,-10.0,99299,36.74,53.84,Galugah,2006-02-01,MASA,32.15068235442686
Mazandaran,14.7,40737,36.49,52.11,Gharakhil,2006-02-01,MASA,73.94083991096068
Mazandaran,1294.3,40760,36.25,53.55,Kiyasar,2006-02-01,MASA,28.02844002292204
Mazandaran,1550.0,99348,36.39,51.73,Kojur,2006-02-01,MASA,54.32055547282744
Mazandaran,-20.9,40734,36.66,51.47,Nowshahr,2006-02-01,MASA,90.08055582091856
Mazandaran,610.0,99360,36.1,53.06,Polsefid,2006-02-01,MASA,41.089248204684736
Mazandaran,-20.0,40732,36.9,50.68,Ramsar,2006-02-01,MASA,106.63489654109526
Mazandaran,23.0,40759,36.54,53.0,Sari,2006-02-01,MASA,33.592295194125654
Mazandaran,16.7,40788,36.64,53.2,Sari (Dasht-E-Naz Airport),2006-02-01,MASA,23.610424542880537
Mazandaran,1855.4,40735,36.23,51.3,Siahbisheh,2006-02-01,MASA,135.60245587871123
Mazandaran,1805.0,99361,36.07,52.84,Alasht,2006-03-01,MASA,83.94926142793935
Mazandaran,23.7,99309,36.48,52.47,Amol,2006-03-01,MASA,54.30770766836446
Mazandaran,-21.0,40736,36.7,52.64,Babolsar,2006-03-01,MASA,24.53034472566884
Mazandaran,2120.0,99357,36.2,51.8,Baladeh,2006-03-01,MASA,67.42949140173238
Mazandaran,-20.0,99306,36.86,53.39,Bandar-E-Amirabad,2006-03-01,MASA,41.738056660712175
Mazandaran,-10.0,99299,36.74,53.84,Galugah,2006-03-01,MASA,52.26958644491475
Mazandaran,14.7,40737,36.49,52.11,Gharakhil,2006-03-01,MASA,94.51267969709676
Mazandaran,1294.3,40760,36.25,53.55,Kiyasar,2006-03-01,MASA,59.66793847185414
Mazandaran,1550.0,99348,36.39,51.73,Kojur,2006-03-01,MASA,88.57684683901113
Mazandaran,-20.9,40734,36.66,51.47,Nowshahr,2006-03-01,MASA,64.69782543283742
Mazandaran,610.0,99360,36.1,53.06,Polsefid,2006-03-01,MASA,77.60434699159902
Mazandaran,-20.0,40732,36.9,50.68,Ramsar,2006-03-01,MASA,120.72251093488973
Mazandaran,23.0,40759,36.54,53.0,Sari,2006-03-01,MASA,46.45239663225453
Mazandaran,16.7,40788,36.64,53.2,Sari (Dasht-E-Naz Airport),2006-03-01,MASA,36.79613125425618
Mazandaran,1855.4,40735,36.23,51.3,Siahbisheh,2006-03-01,MASA,96.68337655168813
Mazandaran,1805.0,99361,36.07,52.84,Alasht,2006-04-01,MASA,132.25010026967254
Mazandaran,23.7,99309,36.48,52.47,Amol,2006-04-01,MASA,60.01795817887512
Mazandaran,-21.0,40736,36.7,52.64,Babolsar,2006-04-01,MASA,23.854657903072507
Mazandaran,2120.0,99357,36.2,51.8,Baladeh,2006-04-01,MASA,81.78287734067169
Mazandaran,-20.0,99306,36.86,53.39,Bandar-E-Amirabad,2006-04-01,MASA,30.251964822170407
Mazandaran,-10.0,99299,36.74,53.84,Galugah,2006-04-01,MASA,68.6687677053186
Mazandaran,14.7,40737,36.49,52.11,Gharakhil,2006-04-01,MASA,97.62045730626312
Mazandaran,1294.3,40760,36.25,53.55,Kiyasar,2006-04-01,MASA,67.3146097806665
Mazandaran,1550.0,99348,36.39,51.73,Kojur,2006-04-01,MASA,123.58726550614563
Mazandaran,-20.9,40734,36.66,51.47,Nowshahr,2006-04-01,MASA,89.77524925744262
Mazandaran,610.0,99360,36.1,53.06,Polsefid,2006-04-01,MASA,105.06230582272735
Mazandaran,-20.0,40732,36.9,50.68,Ramsar,2006-04-01,MASA,110.69357384717193
Mazandaran,23.0,40759,36.54,53.0,Sari,2006-04-01,MASA,47.55091656720367
Mazandaran,16.7,40788,36.64,53.2,Sari (Dasht-E-Naz Airport),2006-04-01,MASA,36.36641789948669
Mazandaran,1855.4,40735,36.23,51.3,Siahbisheh,2006-04-01,MASA,79.98670627152649
Mazandaran,1805.0,99361,36.07,52.84,Alasht,2006-05-01,MASA,172.39864111416736
Mazandaran,23.7,99309,36.48,52.47,Amol,2006-05-01,MASA,67.05804110043445
Mazandaran,-21.0,40736,36.7,52.64,Babolsar,2006-05-01,MASA,27.819692497185855
Mazandaran,2120.0,99357,36.2,51.8,Baladeh,2006-05-01,MASA,130.20998180382648
Mazandaran,-20.0,99306,36.86,53.39,Bandar-E-Amirabad,2006-05-01,MASA,23.69600475304523
Mazandaran,-10.0,99299,36.74,53.84,Galugah,2006-05-01,MASA,49.005016093186526
Mazandaran,14.7,40737,36.49,52.11,Gharakhil,2006-05-01,MASA,157.85919070713916
Mazandaran,1294.3,40760,36.25,53.55,Kiyasar,2006-05-01,MASA,78.37285042279163
Mazandaran,1550.0,99348,36.39,51.73,Kojur,2006-05-01,MASA,195.38541079037586
Mazandaran,-20.9,40734,36.66,51.47,Nowshahr,2006-05-01,MASA,85.15718520157733
Mazandaran,610.0,99360,36.1,53.06,Polsefid,2006-05-01,MASA,140.2696216153423
Mazandaran,-20.0,40732,36.9,50.68,Ramsar,2006-05-01,MASA,74.39336121552387
Mazandaran,23.0,40759,36.54,53.0,Sari,2006-05-01,MASA,54.16597366803089
Mazandaran,16.7,40788,36.64,53.2,Sari (Dasht-E-Naz Airport),2006-05-01,MASA,43.40532362931171
Mazandaran,1855.4,40735,36.23,51.3,Siahbisheh,2006-05-01,MASA,111.7218577908794
Mazandaran,1805.0,99361,36.07,52.84,Alasht,2006-06-01,MASA,28.095929200691927
Mazandaran,23.7,99309,36.48,52.47,Amol,2006-06-01,MASA,38.825137789292086
Mazandaran,-21.0,40736,36.7,52.64,Babolsar,2006-06-01,MASA,6.00872772459482
Mazandaran,2120.0,99357,36.2,51.8,Baladeh,2006-06-01,MASA,91.17773013834451
Mazandaran,-20.0,99306,36.86,53.39,Bandar-E-Amirabad,2006-06-01,MASA,3.489850337548006
Mazandaran,-10.0,99299,36.74,53.84,Galugah,2006-06-01,MASA,15.89630382780527
Mazandaran,14.7,40737,36.49,52.11,Gharakhil,2006-06-01,MASA,62.479896719498385
Mazandaran,1294.3,40760,36.25,53.55,Kiyasar,2006-06-01,MASA,21.689204747719515
Mazandaran,1550.0,99348,36.39,51.73,Kojur,2006-06-01,MASA,109.58570080522989
Mazandaran,-20.9,40734,36.66,51.47,Nowshahr,2006-06-01,MASA,34.429205830139864
Mazandaran,610.0,99360,36.1,53.06,Polsefid,2006-06-01,MASA,22.925971324486483
Mazandaran,-20.0,40732,36.9,50.68,Ramsar,2006-06-01,MASA,32.465545709175814
Mazandaran,23.0,40759,36.54,53.0,Sari,2006-06-01,MASA,23.586048061890352
Mazandaran,16.7,40788,36.64,53.2,Sari (Dasht-E-Naz Airport),2006-06-01,MASA,10.823054487747896
Mazandaran,1855.4,40735,36.23,51.3,Siahbisheh,2006-06-01,MASA,77.2440864396522
Mazandaran,1805.0,99361,36.07,52.84,Alasht,2006-07-01,MASA,95.79473969612096
Mazandaran,23.7,99309,36.48,52.47,Amol,2006-07-01,MASA,102.16985878620122
Mazandaran,-21.0,40736,36.7,52.64,Babolsar,2006-07-01,MASA,29.66204521331761
Mazandaran,2120.0,99357,36.2,51.8,Baladeh,2006-07-01,MASA,108.28824577007268
Mazandaran,-20.0,99306,36.86,53.39,Bandar-E-Amirabad,2006-07-01,MASA,24.533318850135544
Mazandaran,-10.0,99299,36.74,53.84,Galugah,2006-07-01,MASA,52.56158349189732
Mazandaran,14.7,40737,36.49,52.11,Gharakhil,2006-07-01,MASA,121.12093207511876
Mazandaran,1294.3,40760,36.25,53.55,Kiyasar,2006-07-01,MASA,88.61313995990727
Mazandaran,1550.0,99348,36.39,51.73,Kojur,2006-07-01,MASA,137.8074013916013
Mazandaran,-20.9,40734,36.66,51.47,Nowshahr,2006-07-01,MASA,97.21194443378423
Mazandaran,610.0,99360,36.1,53.06,Polsefid,2006-07-01,MASA,81.21031758460973
Mazandaran,-20.0,40732,36.9,50.68,Ramsar,2006-07-01,MASA,87.05225822601292
Mazandaran,23.0,40759,36.54,53.0,Sari,2006-07-01,MASA,87.40420875225041
Mazandaran,16.7,40788,36.64,53.2,Sari (Dasht-E-Naz Airport),2006-07-01,MASA,54.48906359348271
Mazandaran,1855.4,40735,36.23,51.3,Siahbisheh,2006-07-01,MASA,93.2662659612653
Mazandaran,1805.0,99361,36.07,52.84,Alasht,2006-08-01,MASA,8.455901207938155
Mazandaran,23.7,99309,36.48,52.47,Amol,2006-08-01,MASA,6.081341567053755
Mazandaran,-21.0,40736,36.7,52.64,Babolsar,2006-08-01,MASA,5.069820942892989
Mazandaran,2120.0,99357,36.2,51.8,Baladeh,2006-08-01,MASA,34.08054894448753
Mazandaran,-20.0,99306,36.86,53.39,Bandar-E-Amirabad,2006-08-01,MASA,1.1599350595616897
Mazandaran,-10.0,99299,36.74,53.84,Galugah,2006-08-01,MASA,7.116346421256026
Mazandaran,14.7,40737,36.49,52.11,Gharakhil,2006-08-01,MASA,9.685172500624617
Mazandaran,1294.3,40760,36.25,53.55,Kiyasar,2006-08-01,MASA,8.865861954703291
Mazandaran,1550.0,99348,36.39,51.73,Kojur,2006-08-01,MASA,19.179387750639876
Mazandaran,-20.9,40734,36.66,51.47,Nowshahr,2006-08-01,MASA,14.594240846648177
Mazandaran,610.0,99360,36.1,53.06,Polsefid,2006-08-01,MASA,7.694004836096724
Mazandaran,-20.0,40732,36.9,50.68,Ramsar,2006-08-01,MASA,10.187267127051314
Mazandaran,23.0,40759,36.54,53.0,Sari,2006-08-01,MASA,3.900228800787886
Mazandaran,16.7,40788,36.64,53.2,Sari (Dasht-E-Naz Airport),2006-08-01,MASA,2.4164754772328934
Mazandaran,1855.4,40735,36.23,51.3,Siahbisheh,2006-08-01,MASA,17.23836249352928
Mazandaran,1805.0,99361,36.07,52.84,Alasht,2006-09-01,MASA,211.86064287958573
Mazandaran,23.7,99309,36.48,52.47,Amol,2006-09-01,MASA,185.7594709092183
Mazandaran,-21.0,40736,36.7,52.64,Babolsar,2006-09-01,MASA,77.51532003221939
Mazandaran,2120.0,99357,36.2,51.8,Baladeh,2006-09-01,MASA,205.101058929543
Mazandaran,-20.0,99306,36.86,53.39,Bandar-E-Amirabad,2006-09-01,MASA,27.60876819429825
Mazandaran,-10.0,99299,36.74,53.84,Galugah,2006-09-01,MASA,56.993694155792696
Mazandaran,14.7,40737,36.49,52.11,Gharakhil,2006-09-01,MASA,389.31061431703995
Mazandaran,1294.3,40760,36.25,53.55,Kiyasar,2006-09-01,MASA,66.97423860369156
Mazandaran,1550.0,99348,36.39,51.73,Kojur,2006-09-01,MASA,491.98266968069504
Mazandaran,-20.9,40734,36.66,51.47,Nowshahr,2006-09-01,MASA,239.76375266848038
Mazandaran,610.0,99360,36.1,53.06,Polsefid,2006-09-01,MASA,130.59607252417038
Mazandaran,-20.0,40732,36.9,50.68,Ramsar,2006-09-01,MASA,215.79791709719132
Mazandaran,23.0,40759,36.54,53.0,Sari,2006-09-01,MASA,109.23577949343155
Mazandaran,16.7,40788,36.64,53.2,Sari (Dasht-E-Naz Airport),2006-09-01,MASA,71.50973483858536
Mazandaran,1855.4,40735,36.23,51.3,Siahbisheh,2006-09-01,MASA,86.95292577085922
Mazandaran,1805.0,99361,36.07,52.84,Alasht,2006-10-01,MASA,127.45749503712744
Mazandaran,23.7,99309,36.48,52.47,Amol,2006-10-01,MASA,93.1137010488996
Mazandaran,-21.0,40736,36.7,52.64,Babolsar,2006-10-01,MASA,64.91024345498175
Mazandaran,2120.0,99357,36.2,51.8,Baladeh,2006-10-01,MASA,137.6340195570478
Mazandaran,-20.0,99306,36.86,53.39,Bandar-E-Amirabad,2006-10-01,MASA,49.946914616633364
Mazandaran,-10.0,99299,36.74,53.84,Galugah,2006-10-01,MASA,39.06464130025
Mazandaran,14.7,40737,36.49,52.11,Gharakhil,2006-10-01,MASA,250.15268773179145
Mazandaran,1294.3,40760,36.25,53.55,Kiyasar,2006-10-01,MASA,51.024134460497805
Mazandaran,1550.0,99348,36.39,51.73,Kojur,2006-10-01,MASA,227.30087787251563
Mazandaran,-20.9,40734,36.66,51.47,Nowshahr,2006-10-01,MASA,379.39895242791266
Mazandaran,610.0,99360,36.1,53.06,Polsefid,2006-10-01,MASA,104.61528152566046
Mazandaran,-20.0,40732,36.9,50.68,Ramsar,2006-10-01,MASA,299.11158532242865
Mazandaran,23.0,40759,36.54,53.0,Sari,2006-10-01,MASA,58.479870859194705
Mazandaran,16.7,40788,36.64,53.2,Sari (Dasht-E-Naz Airport),2006-10-01,MASA,49.196909371424624
Mazandaran,1855.4,40735,36.23,51.3,Siahbisheh,2006-10-01,MASA,130.86165041070075
Mazandaran,1805.0,99361,36.07,52.84,Alasht,2006-11-01,MASA,109.83999272966827
Mazandaran,23.7,99309,36.48,52.47,Amol,2006-11-01,MASA,143.3341672101065
Mazandaran,-21.0,40736,36.7,52.64,Babolsar,2006-11-01,MASA,107.713120190148
Mazandaran,2120.0,99357,36.2,51.8,Baladeh,2006-11-01,MASA,75.2421786465689
Mazandaran,-20.0,99306,36.86,53.39,Bandar-E-Amirabad,2006-11-01,MASA,132.11018046522582
Mazandaran,-10.0,99299,36.74,53.84,Galugah,2006-11-01,MASA,126.3368596711203
Mazandaran,14.7,40737,36.49,52.11,Gharakhil,2006-11-01,MASA,181.44111534738983
Mazandaran,1294.3,40760,36.25,53.55,Kiyasar,2006-11-01,MASA,82.17908641481841
Mazandaran,1550.0,99348,36.39,51.73,Kojur,2006-11-01,MASA,129.57038184786285
Mazandaran,-20.9,40734,36.66,51.47,Nowshahr,2006-11-01,MASA,256.4361860432669
Mazandaran,610.0,99360,36.1,53.06,Polsefid,2006-11-01,MASA,96.81140085840667
Mazandaran,-20.0,40732,36.9,50.68,Ramsar,2006-11-01,MASA,305.8356513657614
Mazandaran,23.0,40759,36.54,53.0,Sari,2006-11-01,MASA,123.98256560945953
Mazandaran,16.7,40788,36.64,53.2,Sari (Dasht-E-Naz Airport),2006-11-01,MASA,116.07751449728454
Mazandaran,1855.4,40735,36.23,51.3,Siahbisheh,2006-11-01,MASA,92.566253749375
Mazandaran,1805.0,99361,36.07,52.84,Alasht,2006-12-01,MASA,109.48139505427434
Mazandaran,23.7,99309,36.48,52.47,Amol,2006-12-01,MASA,129.45288496058538
Mazandaran,-21.0,40736,36.7,52.64,Babolsar,2006-12-01,MASA,108.91653673689916
Mazandaran,2120.0,99357,36.2,51.8,Baladeh,2006-12-01,MASA,81.73681871932104
Mazandaran,-20.0,99306,36.86,53.39,Bandar-E-Amirabad,2006-12-01,MASA,107.08040075343206
Mazandaran,-10.0,99299,36.74,53.84,Galugah,2006-12-01,MASA,81.18805365603521
Mazandaran,14.7,40737,36.49,52.11,Gharakhil,2006-12-01,MASA,182.23302142661169
Mazandaran,1294.3,40760,36.25,53.55,Kiyasar,2006-12-01,MASA,83.3209015611942
Mazandaran,1550.0,99348,36.39,51.73,Kojur,2006-12-01,MASA,123.3824946169193
Mazandaran,-20.9,40734,36.66,51.47,Nowshahr,2006-12-01,MASA,236.44706683199956
Mazandaran,610.0,99360,36.1,53.06,Polsefid,2006-12-01,MASA,94.07663421671941
Mazandaran,-20.0,40732,36.9,50.68,Ramsar,2006-12-01,MASA,217.02599601786687
Mazandaran,23.0,40759,36.54,53.0,Sari,2006-12-01,MASA,90.35456256907537
Mazandaran,16.7,40788,36.64,53.2,Sari (Dasht-E-Naz Airport),2006-12-01,MASA,88.24333624880865
Mazandaran,1855.4,40735,36.23,51.3,Siahbisheh,2006-12-01,MASA,65.28614537756994
Mazandaran,1805.0,99361,36.07,52.84,Alasht,2007-01-01,MASA,37.844184169443906
Mazandaran,23.7,99309,36.48,52.47,Amol,2007-01-01,MASA,45.9487916323269
Mazandaran,-21.0,40736,36.7,52.64,Babolsar,2007-01-01,MASA,30.57377351251489
Mazandaran,2120.0,99357,36.2,51.8,Baladeh,2007-01-01,MASA,35.24700118032342
Mazandaran,-20.0,99306,36.86,53.39,Bandar-E-Amirabad,2007-01-01,MASA,36.59870041337854
Mazandaran,-10.0,99299,36.74,53.84,Galugah,2007-01-01,MASA,36.25977350202447
Mazandaran,14.7,40737,36.49,52.11,Gharakhil,2007-01-01,MASA,71.11600352254754
Mazandaran,1294.3,40760,36.25,53.55,Kiyasar,2007-01-01,MASA,29.6407820078457
Mazandaran,1550.0,99348,36.39,51.73,Kojur,2007-01-01,MASA,47.378677258166135
Mazandaran,-20.9,40734,36.66,51.47,Nowshahr,2007-01-01,MASA,82.03706456151849
Mazandaran,610.0,99360,36.1,53.06,Polsefid,2007-01-01,MASA,33.25610173669702
Mazandaran,-20.0,40732,36.9,50.68,Ramsar,2007-01-01,MASA,111.23942149606592
Mazandaran,23.0,40759,36.54,53.0,Sari,2007-01-01,MASA,28.280782828005613
Mazandaran,16.7,40788,36.64,53.2,Sari (Dasht-E-Naz Airport),2007-01-01,MASA,29.653030762347043
Mazandaran,1855.4,40735,36.23,51.3,Siahbisheh,2007-01-01,MASA,35.18495274511224
Mazandaran,1805.0,99361,36.07,52.84,Alasht,2007-02-01,MASA,87.15633041566306
Mazandaran,23.7,99309,36.48,52.47,Amol,2007-02-01,MASA,96.81761748498374
Mazandaran,-21.0,40736,36.7,52.64,Babolsar,2007-02-01,MASA,65.20423776811057
Mazandaran,2120.0,99357,36.2,51.8,Baladeh,2007-02-01,MASA,82.94515795415336
Mazandaran,-20.0,99306,36.86,53.39,Bandar-E-Amirabad,2007-02-01,MASA,73.72111565774375
Mazandaran,-10.0,99299,36.74,53.84,Galugah,2007-02-01,MASA,96.82728833859855
Mazandaran,14.7,40737,36.49,52.11,Gharakhil,2007-02-01,MASA,117.36326403325492
Mazandaran,1294.3,40760,36.25,53.55,Kiyasar,2007-02-01,MASA,75.40761418050224
Mazandaran,1550.0,99348,36.39,51.73,Kojur,2007-02-01,MASA,90.23830778306419
Mazandaran,-20.9,40734,36.66,51.47,Nowshahr,2007-02-01,MASA,131.08964748090202
Mazandaran,610.0,99360,36.1,53.06,Polsefid,2007-02-01,MASA,90.18853790467674
Mazandaran,-20.0,40732,36.9,50.68,Ramsar,2007-02-01,MASA,150.18940455621177
Mazandaran,23.0,40759,36.54,53.0,Sari,2007-02-01,MASA,89.95363599961692
Mazandaran,16.7,40788,36.64,53.2,Sari (Dasht-E-Naz Airport),2007-02-01,MASA,85.68600303834373
Mazandaran,1855.4,40735,36.23,51.3,Siahbisheh,2007-02-01,MASA,89.56376201814109
Mazandaran,1805.0,99361,36.07,52.84,Alasht,2007-03-01,MASA,153.42318714543524
Mazandaran,23.7,99309,36.48,52.47,Amol,2007-03-01,MASA,156.90865815564337
Mazandaran,-21.0,40736,36.7,52.64,Babolsar,2007-03-01,MASA,96.87433839722814
Mazandaran,2120.0,99357,36.2,51.8,Baladeh,2007-03-01,MASA,125.57960749551
Mazandaran,-20.0,99306,36.86,53.39,Bandar-E-Amirabad,2007-03-01,MASA,127.07531155034246
Mazandaran,-10.0,99299,36.74,53.84,Galugah,2007-03-01,MASA,165.48131109162512
Mazandaran,14.7,40737,36.49,52.11,Gharakhil,2007-03-01,MASA,188.0846887914771
Mazandaran,1294.3,40760,36.25,53.55,Kiyasar,2007-03-01,MASA,154.9271315424079
Mazandaran,1550.0,99348,36.39,51.73,Kojur,2007-03-01,MASA,121.36886716767492
Mazandaran,-20.9,40734,36.66,51.47,Nowshahr,2007-03-01,MASA,192.04371870442571
Mazandaran,610.0,99360,36.1,53.06,Polsefid,2007-03-01,MASA,163.09910715504827
Mazandaran,-20.0,40732,36.9,50.68,Ramsar,2007-03-01,MASA,203.80070508404913
Mazandaran,23.0,40759,36.54,53.0,Sari,2007-03-01,MASA,155.660715707981
Mazandaran,16.7,40788,36.64,53.2,Sari (Dasht-E-Naz Airport),2007-03-01,MASA,151.2926191179389
Mazandaran,1855.4,40735,36.23,51.3,Siahbisheh,2007-03-01,MASA,144.5341676561469
Mazandaran,1805.0,99361,36.07,52.84,Alasht,2007-04-01,MASA,82.0287936737003
Mazandaran,23.7,99309,36.48,52.47,Amol,2007-04-01,MASA,68.91499696273229
Mazandaran,-21.0,40736,36.7,52.64,Babolsar,2007-04-01,MASA,35.67698834437749
Mazandaran,2120.0,99357,36.2,51.8,Baladeh,2007-04-01,MASA,90.59080718058965
Mazandaran,-20.0,99306,36.86,53.39,Bandar-E-Amirabad,2007-04-01,MASA,55.83457885283849
Mazandaran,-10.0,99299,36.74,53.84,Galugah,2007-04-01,MASA,79.97572658557317
Mazandaran,14.7,40737,36.49,52.11,Gharakhil,2007-04-01,MASA,102.52341864604375
Mazandaran,1294.3,40760,36.25,53.55,Kiyasar,2007-04-01,MASA,61.39113245505712
Mazandaran,1550.0,99348,36.39,51.73,Kojur,2007-04-01,MASA,84.58349345225713
Mazandaran,-20.9,40734,36.66,51.47,Nowshahr,2007-04-01,MASA,71.26963375110051
Mazandaran,610.0,99360,36.1,53.06,Polsefid,2007-04-01,MASA,88.18491039771459
Mazandaran,-20.0,40732,36.9,50.68,Ramsar,2007-04-01,MASA,83.9693271924915
Mazandaran,23.0,40759,36.54,53.0,Sari,2007-04-01,MASA,57.18606946963689
Mazandaran,16.7,40788,36.64,53.2,Sari (Dasht-E-Naz Airport),2007-04-01,MASA,53.47416041392705
Mazandaran,1855.4,40735,36.23,51.3,Siahbisheh,2007-04-01,MASA,144.53110335368535
Mazandaran,1805.0,99361,36.07,52.84,Alasht,2007-05-01,MASA,91.83615486487184
Mazandaran,23.7,99309,36.48,52.47,Amol,2007-05-01,MASA,42.54485707148348
Mazandaran,-21.0,40736,36.7,52.64,Babolsar,2007-05-01,MASA,7.110134171092852
Mazandaran,2120.0,99357,36.2,51.8,Baladeh,2007-05-01,MASA,108.38653187617098
Mazandaran,-20.0,99306,36.86,53.39,Bandar-E-Amirabad,2007-05-01,MASA,8.999884532535418
Mazandaran,-10.0,99299,36.74,53.84,Galugah,2007-05-01,MASA,40.86600284441744
Mazandaran,14.7,40737,36.49,52.11,Gharakhil,2007-05-01,MASA,90.50376753672396
Mazandaran,1294.3,40760,36.25,53.55,Kiyasar,2007-05-01,MASA,56.70870880945955
Mazandaran,1550.0,99348,36.39,51.73,Kojur,2007-05-01,MASA,133.87669663294588
Mazandaran,-20.9,40734,36.66,51.47,Nowshahr,2007-05-01,MASA,59.60597138270174
Mazandaran,610.0,99360,36.1,53.06,Polsefid,2007-05-01,MASA,76.54988806113039
Mazandaran,-20.0,40732,36.9,50.68,Ramsar,2007-05-01,MASA,64.84189669951235
Mazandaran,23.0,40759,36.54,53.0,Sari,2007-05-01,MASA,35.34159104689394
Mazandaran,16.7,40788,36.64,53.2,Sari (Dasht-E-Naz Airport),2007-05-01,MASA,22.730991648280963
Mazandaran,1855.4,40735,36.23,51.3,Siahbisheh,2007-05-01,MASA,137.08880584105287
Mazandaran,1805.0,99361,36.07,52.84,Alasht,2007-06-01,MASA,176.1243586962138
Mazandaran,23.7,99309,36.48,52.47,Amol,2007-06-01,MASA,105.4497306768809
Mazandaran,-21.0,40736,36.7,52.64,Babolsar,2007-06-01,MASA,38.23975674556834
Mazandaran,2120.0,99357,36.2,51.8,Baladeh,2007-06-01,MASA,186.31123952316386
Mazandaran,-20.0,99306,36.86,53.39,Bandar-E-Amirabad,2007-06-01,MASA,29.208699387780257
Mazandaran,-10.0,99299,36.74,53.84,Galugah,2007-06-01,MASA,70.07450811313731
Mazandaran,14.7,40737,36.49,52.11,Gharakhil,2007-06-01,MASA,236.08232490467174
Mazandaran,1294.3,40760,36.25,53.55,Kiyasar,2007-06-01,MASA,102.58750073360545
Mazandaran,1550.0,99348,36.39,51.73,Kojur,2007-06-01,MASA,224.82853583740336
Mazandaran,-20.9,40734,36.66,51.47,Nowshahr,2007-06-01,MASA,90.49462727951152
Mazandaran,610.0,99360,36.1,53.06,Polsefid,2007-06-01,MASA,125.65677813934428
Mazandaran,-20.0,40732,36.9,50.68,Ramsar,2007-06-01,MASA,97.0869605963145
Mazandaran,23.0,40759,36.54,53.0,Sari,2007-06-01,MASA,95.35586289810283
Mazandaran,16.7,40788,36.64,53.2,Sari (Dasht-E-Naz Airport),2007-06-01,MASA,63.115352911225386
Mazandaran,1855.4,40735,36.23,51.3,Siahbisheh,2007-06-01,MASA,139.83693174766643
Mazandaran,1805.0,99361,36.07,52.84,Alasht,2007-07-01,MASA,83.66200806556989
Mazandaran,23.7,99309,36.48,52.47,Amol,2007-07-01,MASA,99.91531552730848
Mazandaran,-21.0,40736,36.7,52.64,Babolsar,2007-07-01,MASA,28.873671907771126
Mazandaran,2120.0,99357,36.2,51.8,Baladeh,2007-07-01,MASA,175.6344485467558
Mazandaran,-20.0,99306,36.86,53.39,Bandar-E-Amirabad,2007-07-01,MASA,27.50833811222364
Mazandaran,-10.0,99299,36.74,53.84,Galugah,2007-07-01,MASA,28.148909229624763
Mazandaran,14.7,40737,36.49,52.11,Gharakhil,2007-07-01,MASA,130.26649238525678
Mazandaran,1294.3,40760,36.25,53.55,Kiyasar,2007-07-01,MASA,69.30628897606184
Mazandaran,1550.0,99348,36.39,51.73,Kojur,2007-07-01,MASA,260.2367001956587
Mazandaran,-20.9,40734,36.66,51.47,Nowshahr,2007-07-01,MASA,134.40043212829877
Mazandaran,610.0,99360,36.1,53.06,Polsefid,2007-07-01,MASA,81.6584873384123
Mazandaran,-20.0,40732,36.9,50.68,Ramsar,2007-07-01,MASA,141.68987156807233
Mazandaran,23.0,40759,36.54,53.0,Sari,2007-07-01,MASA,77.6614147609358
Mazandaran,16.7,40788,36.64,53.2,Sari (Dasht-E-Naz Airport),2007-07-01,MASA,45.60763122497846
Mazandaran,1855.4,40735,36.23,51.3,Siahbisheh,2007-07-01,MASA,144.24339415489484
Mazandaran,1805.0,99361,36.07,52.84,Alasht,2007-08-01,MASA,145.1055618402819
Mazandaran,23.7,99309,36.48,52.47,Amol,2007-08-01,MASA,86.43642686580222
Mazandaran,-21.0,40736,36.7,52.64,Babolsar,2007-08-01,MASA,25.35612009738486
Mazandaran,2120.0,99357,36.2,51.8,Baladeh,2007-08-01,MASA,169.82155166839163
Mazandaran,-20.0,99306,36.86,53.39,Bandar-E-Amirabad,2007-08-01,MASA,3.7190230963091153
Mazandaran,-10.0,99299,36.74,53.84,Galugah,2007-08-01,MASA,20.61601601813834
Mazandaran,14.7,40737,36.49,52.11,Gharakhil,2007-08-01,MASA,148.43144141410392
Mazandaran,1294.3,40760,36.25,53.55,Kiyasar,2007-08-01,MASA,48.320195305095126
Mazandaran,1550.0,99348,36.39,51.73,Kojur,2007-08-01,MASA,244.77437757228415
Mazandaran,-20.9,40734,36.66,51.47,Nowshahr,2007-08-01,MASA,64.94829677318137
Mazandaran,610.0,99360,36.1,53.06,Polsefid,2007-08-01,MASA,78.41534041141074
Mazandaran,-20.0,40732,36.9,50.68,Ramsar,2007-08-01,MASA,78.38827990268271
Mazandaran,23.0,40759,36.54,53.0,Sari,2007-08-01,MASA,79.22937594626944
Mazandaran,16.7,40788,36.64,53.2,Sari (Dasht-E-Naz Airport),2007-08-01,MASA,40.25048636172812
Mazandaran,1855.4,40735,36.23,51.3,Siahbisheh,2007-08-01,MASA,150.9588869688372
Mazandaran,1805.0,99361,36.07,52.84,Alasht,2007-09-01,MASA,73.06652785620571
Mazandaran,23.7,99309,36.48,52.47,Amol,2007-09-01,MASA,90.77032924971462
Mazandaran,-21.0,40736,36.7,52.64,Babolsar,2007-09-01,MASA,29.03225542387844
Mazandaran,2120.0,99357,36.2,51.8,Baladeh,2007-09-01,MASA,121.8038451798904
Mazandaran,-20.0,99306,36.86,53.39,Bandar-E-Amirabad,2007-09-01,MASA,40.66417635760189
Mazandaran,-10.0,99299,36.74,53.84,Galugah,2007-09-01,MASA,66.87519968829037
Mazandaran,14.7,40737,36.49,52.11,Gharakhil,2007-09-01,MASA,183.05609644732357
Mazandaran,1294.3,40760,36.25,53.55,Kiyasar,2007-09-01,MASA,73.35903765044094
Mazandaran,1550.0,99348,36.39,51.73,Kojur,2007-09-01,MASA,254.9760294087875
Mazandaran,-20.9,40734,36.66,51.47,Nowshahr,2007-09-01,MASA,129.76039470515133
Mazandaran,610.0,99360,36.1,53.06,Polsefid,2007-09-01,MASA,63.36915017447353
Mazandaran,-20.0,40732,36.9,50.68,Ramsar,2007-09-01,MASA,177.2017431386459
Mazandaran,23.0,40759,36.54,53.0,Sari,2007-09-01,MASA,80.19189061007381
Mazandaran,16.7,40788,36.64,53.2,Sari (Dasht-E-Naz Airport),2007-09-01,MASA,63.56018306097866
Mazandaran,1855.4,40735,36.23,51.3,Siahbisheh,2007-09-01,MASA,95.02893210730434
Mazandaran,1805.0,99361,36.07,52.84,Alasht,2007-10-01,MASA,117.33926744681966
Mazandaran,23.7,99309,36.48,52.47,Amol,2007-10-01,MASA,66.07946665507924
Mazandaran,-21.0,40736,36.7,52.64,Babolsar,2007-10-01,MASA,28.804465248409628
Mazandaran,2120.0,99357,36.2,51.8,Baladeh,2007-10-01,MASA,81.41945214492452
Mazandaran,-20.0,99306,36.86,53.39,Bandar-E-Amirabad,2007-10-01,MASA,39.00204510909688
Mazandaran,-10.0,99299,36.74,53.84,Galugah,2007-10-01,MASA,68.2245335124172
Mazandaran,14.7,40737,36.49,52.11,Gharakhil,2007-10-01,MASA,120.93695910197866
Mazandaran,1294.3,40760,36.25,53.55,Kiyasar,2007-10-01,MASA,55.14632077438009
Mazandaran,1550.0,99348,36.39,51.73,Kojur,2007-10-01,MASA,109.14701135379445
Mazandaran,-20.9,40734,36.66,51.47,Nowshahr,2007-10-01,MASA,93.4976926587261
Mazandaran,610.0,99360,36.1,53.06,Polsefid,2007-10-01,MASA,87.1216794989742
Mazandaran,-20.0,40732,36.9,50.68,Ramsar,2007-10-01,MASA,132.06253857833516
Mazandaran,23.0,40759,36.54,53.0,Sari,2007-10-01,MASA,61.74173863155019
Mazandaran,16.7,40788,36.64,53.2,Sari (Dasht-E-Naz Airport),2007-10-01,MASA,58.903767778698324
Mazandaran,1855.4,40735,36.23,51.3,Siahbisheh,2007-10-01,MASA,84.29756672603261
Mazandaran,1805.0,99361,36.07,52.84,Alasht,2007-11-01,MASA,91.16391869923746
Mazandaran,23.7,99309,36.48,52.47,Amol,2007-11-01,MASA,118.75160070798074
Mazandaran,-21.0,40736,36.7,52.64,Babolsar,2007-11-01,MASA,80.60674401662027
Mazandaran,2120.0,99357,36.2,51.8,Baladeh,2007-11-01,MASA,60.45933100125467
Mazandaran,-20.0,99306,36.86,53.39,Bandar-E-Amirabad,2007-11-01,MASA,93.58596834084665
Mazandaran,-10.0,99299,36.74,53.84,Galugah,2007-11-01,MASA,96.84017332932626
Mazandaran,14.7,40737,36.49,52.11,Gharakhil,2007-11-01,MASA,172.85786601445352
Mazandaran,1294.3,40760,36.25,53.55,Kiyasar,2007-11-01,MASA,69.498017753574
Mazandaran,1550.0,99348,36.39,51.73,Kojur,2007-11-01,MASA,115.415364827129
Mazandaran,-20.9,40734,36.66,51.47,Nowshahr,2007-11-01,MASA,250.50567122838174
Mazandaran,610.0,99360,36.1,53.06,Polsefid,2007-11-01,MASA,79.78013190171396
Mazandaran,-20.0,40732,36.9,50.68,Ramsar,2007-11-01,MASA,303.5852614297596
Mazandaran,23.0,40759,36.54,53.0,Sari,2007-11-01,MASA,105.4678413524357
Mazandaran,16.7,40788,36.64,53.2,Sari (Dasht-E-Naz Airport),2007-11-01,MASA,98.8520536079136
Mazandaran,1855.4,40735,36.23,51.3,Siahbisheh,2007-11-01,MASA,68.29530033013498
Mazandaran,1805.0,99361,36.07,52.84,Alasht,2007-12-01,MASA,60.76205811833191
Mazandaran,23.7,99309,36.48,52.47,Amol,2007-12-01,MASA,89.47988144491958
Mazandaran,-21.0,40736,36.7,52.64,Babolsar,2007-12-01,MASA,64.90440956686783
Mazandaran,2120.0,99357,36.2,51.8,Baladeh,2007-12-01,MASA,52.03579656218338
Mazandaran,-20.0,99306,36.86,53.39,Bandar-E-Amirabad,2007-12-01,MASA,69.77556935881424
Mazandaran,-10.0,99299,36.74,53.84,Galugah,2007-12-01,MASA,57.58114449118423
Mazandaran,14.7,40737,36.49,52.11,Gharakhil,2007-12-01,MASA,106.28135792349624
Mazandaran,1294.3,40760,36.25,53.55,Kiyasar,2007-12-01,MASA,55.94957164858627
Mazandaran,1550.0,99348,36.39,51.73,Kojur,2007-12-01,MASA,55.699776032913206
Mazandaran,-20.9,40734,36.66,51.47,Nowshahr,2007-12-01,MASA,144.61308262680816
Mazandaran,610.0,99360,36.1,53.06,Polsefid,2007-12-01,MASA,58.90354804133224
Mazandaran,-20.0,40732,36.9,50.68,Ramsar,2007-12-01,MASA,205.83592645262527
Mazandaran,23.0,40759,36.54,53.0,Sari,2007-12-01,MASA,73.77713463639068
Mazandaran,16.7,40788,36.64,53.2,Sari (Dasht-E-Naz Airport),2007-12-01,MASA,66.33987567757416
Mazandaran,1855.4,40735,36.23,51.3,Siahbisheh,2007-12-01,MASA,69.49982337092209
Mazandaran,1805.0,99361,36.07,52.84,Alasht,2008-01-01,MASA,56.92056428537029
Mazandaran,23.7,99309,36.48,52.47,Amol,2008-01-01,MASA,75.02161573514599
Mazandaran,-21.0,40736,36.7,52.64,Babolsar,2008-01-01,MASA,42.99348454818386
Mazandaran,2120.0,99357,36.2,51.8,Baladeh,2008-01-01,MASA,47.47503857955593
Mazandaran,-20.0,99306,36.86,53.39,Bandar-E-Amirabad,2008-01-01,MASA,33.90481930122036
Mazandaran,-10.0,99299,36.74,53.84,Galugah,2008-01-01,MASA,33.446355274769246
Mazandaran,14.7,40737,36.49,52.11,Gharakhil,2008-01-01,MASA,100.80730032071727
Mazandaran,1294.3,40760,36.25,53.55,Kiyasar,2008-01-01,MASA,33.820679894539296
Mazandaran,1550.0,99348,36.39,51.73,Kojur,2008-01-01,MASA,64.85116343841213
Mazandaran,-20.9,40734,36.66,51.47,Nowshahr,2008-01-01,MASA,153.76431357011455
Mazandaran,610.0,99360,36.1,53.06,Polsefid,2008-01-01,MASA,53.402988723370015
Mazandaran,-20.0,40732,36.9,50.68,Ramsar,2008-01-01,MASA,221.24955665216106
Mazandaran,23.0,40759,36.54,53.0,Sari,2008-01-01,MASA,43.71682416543621
Mazandaran,16.7,40788,36.64,53.2,Sari (Dasht-E-Naz Airport),2008-01-01,MASA,34.637732914539754
Mazandaran,1855.4,40735,36.23,51.3,Siahbisheh,2008-01-01,MASA,51.52437697991985
Mazandaran,1805.0,99361,36.07,52.84,Alasht,2008-02-01,MASA,76.82027569918048
Mazandaran,23.7,99309,36.48,52.47,Amol,2008-02-01,MASA,84.09670642523182
Mazandaran,-21.0,40736,36.7,52.64,Babolsar,2008-02-01,MASA,46.49668089060199
Mazandaran,2120.0,99357,36.2,51.8,Baladeh,2008-02-01,MASA,50.17524114756
Mazandaran,-20.0,99306,36.86,53.39,Bandar-E-Amirabad,2008-02-01,MASA,47.46482423452747
Mazandaran,-10.0,99299,36.74,53.84,Galugah,2008-02-01,MASA,71.179098402542
Mazandaran,14.7,40737,36.49,52.11,Gharakhil,2008-02-01,MASA,88.6116539588393
Mazandaran,1294.3,40760,36.25,53.55,Kiyasar,2008-02-01,MASA,75.45620850233448
Mazandaran,1550.0,99348,36.39,51.73,Kojur,2008-02-01,MASA,47.33604839949024
Mazandaran,-20.9,40734,36.66,51.47,Nowshahr,2008-02-01,MASA,110.42629829553974
Mazandaran,610.0,99360,36.1,53.06,Polsefid,2008-02-01,MASA,73.7086599221648
Mazandaran,-20.0,40732,36.9,50.68,Ramsar,2008-02-01,MASA,95.88091722635639
Mazandaran,23.0,40759,36.54,53.0,Sari,2008-02-01,MASA,61.95210567621601
Mazandaran,16.7,40788,36.64,53.2,Sari (Dasht-E-Naz Airport),2008-02-01,MASA,58.254859363120914
Mazandaran,1855.4,40735,36.23,51.3,Siahbisheh,2008-02-01,MASA,65.15922299532306
Mazandaran,1805.0,99361,36.07,52.84,Alasht,2008-03-01,MASA,48.61879944513703
Mazandaran,23.7,99309,36.48,52.47,Amol,2008-03-01,MASA,34.59574877928162
Mazandaran,-21.0,40736,36.7,52.64,Babolsar,2008-03-01,MASA,19.365316626533513
Mazandaran,2120.0,99357,36.2,51.8,Baladeh,2008-03-01,MASA,37.436342236503606
Mazandaran,-20.0,99306,36.86,53.39,Bandar-E-Amirabad,2008-03-01,MASA,30.145591494544988
Mazandaran,-10.0,99299,36.74,53.84,Galugah,2008-03-01,MASA,45.444643494590764
Mazandaran,14.7,40737,36.49,52.11,Gharakhil,2008-03-01,MASA,40.171957013114934
Mazandaran,1294.3,40760,36.25,53.55,Kiyasar,2008-03-01,MASA,47.371199724182134
Mazandaran,1550.0,99348,36.39,51.73,Kojur,2008-03-01,MASA,36.56198680113221
Mazandaran,-20.9,40734,36.66,51.47,Nowshahr,2008-03-01,MASA,27.695006129249577
Mazandaran,610.0,99360,36.1,53.06,Polsefid,2008-03-01,MASA,50.33587515066529
Mazandaran,-20.0,40732,36.9,50.68,Ramsar,2008-03-01,MASA,30.687233802780156
Mazandaran,23.0,40759,36.54,53.0,Sari,2008-03-01,MASA,36.80745362947846
Mazandaran,16.7,40788,36.64,53.2,Sari (Dasht-E-Naz Airport),2008-03-01,MASA,36.22459470938111
Mazandaran,1855.4,40735,36.23,51.3,Siahbisheh,2008-03-01,MASA,43.18923353861237
Mazandaran,1805.0,99361,36.07,52.84,Alasht,2008-04-01,MASA,88.1255954306539
Mazandaran,23.7,99309,36.48,52.47,Amol,2008-04-01,MASA,33.23748109750113
Mazandaran,-21.0,40736,36.7,52.64,Babolsar,2008-04-01,MASA,11.65283618382773
Mazandaran,2120.0,99357,36.2,51.8,Baladeh,2008-04-01,MASA,67.10458693913779
Mazandaran,-20.0,99306,36.86,53.39,Bandar-E-Amirabad,2008-04-01,MASA,12.153410891812655
Mazandaran,-10.0,99299,36.74,53.84,Galugah,2008-04-01,MASA,45.934119800847384
Mazandaran,14.7,40737,36.49,52.11,Gharakhil,2008-04-01,MASA,85.76858935765586
Mazandaran,1294.3,40760,36.25,53.55,Kiyasar,2008-04-01,MASA,62.33319042138419
Mazandaran,1550.0,99348,36.39,51.73,Kojur,2008-04-01,MASA,85.27442214898429
Mazandaran,-20.9,40734,36.66,51.47,Nowshahr,2008-04-01,MASA,42.156958560269686
Mazandaran,610.0,99360,36.1,53.06,Polsefid,2008-04-01,MASA,86.94278595856986
Mazandaran,-20.0,40732,36.9,50.68,Ramsar,2008-04-01,MASA,57.31522438935599
Mazandaran,23.0,40759,36.54,53.0,Sari,2008-04-01,MASA,33.95309446267447
Mazandaran,16.7,40788,36.64,53.2,Sari (Dasht-E-Naz Airport),2008-04-01,MASA,27.535924295705172
Mazandaran,1855.4,40735,36.23,51.3,Siahbisheh,2008-04-01,MASA,52.98517046384177
Mazandaran,1805.0,99361,36.07,52.84,Alasht,2008-05-01,MASA,125.77651604396678
Mazandaran,23.7,99309,36.48,52.47,Amol,2008-05-01,MASA,69.73931356651164
Mazandaran,-21.0,40736,36.7,52.64,Babolsar,2008-05-01,MASA,13.45978840572215
Mazandaran,2120.0,99357,36.2,51.8,Baladeh,2008-05-01,MASA,116.25525518638469
Mazandaran,-20.0,99306,36.86,53.39,Bandar-E-Amirabad,2008-05-01,MASA,19.249127948111067
Mazandaran,-10.0,99299,36.74,53.84,Galugah,2008-05-01,MASA,45.43364211303569
Mazandaran,14.7,40737,36.49,52.11,Gharakhil,2008-05-01,MASA,190.38231834155894
Mazandaran,1294.3,40760,36.25,53.55,Kiyasar,2008-05-01,MASA,53.93813713771678
Mazandaran,1550.0,99348,36.39,51.73,Kojur,2008-05-01,MASA,183.4261135695634
Mazandaran,-20.9,40734,36.66,51.47,Nowshahr,2008-05-01,MASA,54.07911702377177
Mazandaran,610.0,99360,36.1,53.06,Polsefid,2008-05-01,MASA,96.9104634164033
Mazandaran,-20.0,40732,36.9,50.68,Ramsar,2008-05-01,MASA,83.57758983356334
Mazandaran,23.0,40759,36.54,53.0,Sari,2008-05-01,MASA,45.88934942466594
Mazandaran,16.7,40788,36.64,53.2,Sari (Dasht-E-Naz Airport),2008-05-01,MASA,33.94951089603282
Mazandaran,1855.4,40735,36.23,51.3,Siahbisheh,2008-05-01,MASA,100.00883206111766
Mazandaran,1805.0,99361,36.07,52.84,Alasht,2008-06-01,MASA,54.646407014935505
Mazandaran,23.7,99309,36.48,52.47,Amol,2008-06-01,MASA,39.29067099770833
Mazandaran,-21.0,40736,36.7,52.64,Babolsar,2008-06-01,MASA,14.252905494778645
Mazandaran,2120.0,99357,36.2,51.8,Baladeh,2008-06-01,MASA,105.14265740594197
Mazandaran,-20.0,99306,36.86,53.39,Bandar-E-Amirabad,2008-06-01,MASA,20.417426473706257
Mazandaran,-10.0,99299,36.74,53.84,Galugah,2008-06-01,MASA,36.45053947648336
Mazandaran,14.7,40737,36.49,52.11,Gharakhil,2008-06-01,MASA,103.63626921853353
Mazandaran,1294.3,40760,36.25,53.55,Kiyasar,2008-06-01,MASA,45.447681791394245
Mazandaran,1550.0,99348,36.39,51.73,Kojur,2008-06-01,MASA,146.26202429017354
Mazandaran,-20.9,40734,36.66,51.47,Nowshahr,2008-06-01,MASA,54.90175331315328
Mazandaran,610.0,99360,36.1,53.06,Polsefid,2008-06-01,MASA,47.1928610869341
Mazandaran,-20.0,40732,36.9,50.68,Ramsar,2008-06-01,MASA,61.630283243268025
Mazandaran,23.0,40759,36.54,53.0,Sari,2008-06-01,MASA,33.015017158597004
Mazandaran,16.7,40788,36.64,53.2,Sari (Dasht-E-Naz Airport),2008-06-01,MASA,25.861431605427754
Mazandaran,1855.4,40735,36.23,51.3,Siahbisheh,2008-06-01,MASA,84.99829912862111
Mazandaran,1805.0,99361,36.07,52.84,Alasht,2008-07-01,MASA,54.523094391026206
Mazandaran,23.7,99309,36.48,52.47,Amol,2008-07-01,MASA,44.970615600743
Mazandaran,-21.0,40736,36.7,52.64,Babolsar,2008-07-01,MASA,15.690131878056235
Mazandaran,2120.0,99357,36.2,51.8,Baladeh,2008-07-01,MASA,110.00463256756277
Mazandaran,-20.0,99306,36.86,53.39,Bandar-E-Amirabad,2008-07-01,MASA,14.692826961674399
Mazandaran,-10.0,99299,36.74,53.84,Galugah,2008-07-01,MASA,33.94283244530172
Mazandaran,14.7,40737,36.49,52.11,Gharakhil,2008-07-01,MASA,72.49587664524526
Mazandaran,1294.3,40760,36.25,53.55,Kiyasar,2008-07-01,MASA,54.382352923550314
Mazandaran,1550.0,99348,36.39,51.73,Kojur,2008-07-01,MASA,142.70545432487935
Mazandaran,-20.9,40734,36.66,51.47,Nowshahr,2008-07-01,MASA,64.01514897266836
Mazandaran,610.0,99360,36.1,53.06,Polsefid,2008-07-01,MASA,57.256235574879355
Mazandaran,-20.0,40732,36.9,50.68,Ramsar,2008-07-01,MASA,56.30083272377462
Mazandaran,23.0,40759,36.54,53.0,Sari,2008-07-01,MASA,42.343555783428855
Mazandaran,16.7,40788,36.64,53.2,Sari (Dasht-E-Naz Airport),2008-07-01,MASA,26.989697312512106
Mazandaran,1855.4,40735,36.23,51.3,Siahbisheh,2008-07-01,MASA,90.21454939762563
Mazandaran,1805.0,99361,36.07,52.84,Alasht,2008-08-01,MASA,32.080726411845006
Mazandaran,23.7,99309,36.48,52.47,Amol,2008-08-01,MASA,64.05818620016746
Mazandaran,-21.0,40736,36.7,52.64,Babolsar,2008-08-01,MASA,19.546525266672887
Mazandaran,2120.0,99357,36.2,51.8,Baladeh,2008-08-01,MASA,65.26032247831992
Mazandaran,-20.0,99306,36.86,53.39,Bandar-E-Amirabad,2008-08-01,MASA,16.796530869509496
Mazandaran,-10.0,99299,36.74,53.84,Galugah,2008-08-01,MASA,48.90018859198264
Mazandaran,14.7,40737,36.49,52.11,Gharakhil,2008-08-01,MASA,58.416070130373754
Mazandaran,1294.3,40760,36.25,53.55,Kiyasar,2008-08-01,MASA,46.38357618143729
Mazandaran,1550.0,99348,36.39,51.73,Kojur,2008-08-01,MASA,71.4685336618679
Mazandaran,-20.9,40734,36.66,51.47,Nowshahr,2008-08-01,MASA,85.82675614645652
Mazandaran,610.0,99360,36.1,53.06,Polsefid,2008-08-01,MASA,31.346292880083837
Mazandaran,-20.0,40732,36.9,50.68,Ramsar,2008-08-01,MASA,71.23884716322593
Mazandaran,23.0,40759,36.54,53.0,Sari,2008-08-01,MASA,58.77137341787986
Mazandaran,16.7,40788,36.64,53.2,Sari (Dasht-E-Naz Airport),2008-08-01,MASA,34.733654644991674
Mazandaran,1855.4,40735,36.23,51.3,Siahbisheh,2008-08-01,MASA,59.783400681521215
Mazandaran,1805.0,99361,36.07,52.84,Alasht,2008-09-01,MASA,161.4917965593783
Mazandaran,23.7,99309,36.48,52.47,Amol,2008-09-01,MASA,136.46070677666344
Mazandaran,-21.0,40736,36.7,52.64,Babolsar,2008-09-01,MASA,88.87402731804528
Mazandaran,2120.0,99357,36.2,51.8,Baladeh,2008-09-01,MASA,139.78901523976006
Mazandaran,-20.0,99306,36.86,53.39,Bandar-E-Amirabad,2008-09-01,MASA,133.24818033604302
Mazandaran,-10.0,99299,36.74,53.84,Galugah,2008-09-01,MASA,131.26738387970605
Mazandaran,14.7,40737,36.49,52.11,Gharakhil,2008-09-01,MASA,286.7780478659121
Mazandaran,1294.3,40760,36.25,53.55,Kiyasar,2008-09-01,MASA,107.16687161354699
Mazandaran,1550.0,99348,36.39,51.73,Kojur,2008-09-01,MASA,247.44606036572137
Mazandaran,-20.9,40734,36.66,51.47,Nowshahr,2008-09-01,MASA,145.48903722195305
Mazandaran,610.0,99360,36.1,53.06,Polsefid,2008-09-01,MASA,146.7779280605761
Mazandaran,-20.0,40732,36.9,50.68,Ramsar,2008-09-01,MASA,222.8616179886309
Mazandaran,23.0,40759,36.54,53.0,Sari,2008-09-01,MASA,166.63335282234826
Mazandaran,16.7,40788,36.64,53.2,Sari (Dasht-E-Naz Airport),2008-09-01,MASA,155.6946339073626
Mazandaran,1855.4,40735,36.23,51.3,Siahbisheh,2008-09-01,MASA,91.10948461918511
Mazandaran,1805.0,99361,36.07,52.84,Alasht,2008-10-01,MASA,194.12983643143278
Mazandaran,23.7,99309,36.48,52.47,Amol,2008-10-01,MASA,194.9608145865689
Mazandaran,-21.0,40736,36.7,52.64,Babolsar,2008-10-01,MASA,87.98634695141416
Mazandaran,2120.0,99357,36.2,51.8,Baladeh,2008-10-01,MASA,137.94699000446897
Mazandaran,-20.0,99306,36.86,53.39,Bandar-E-Amirabad,2008-10-01,MASA,59.892487398077066
Mazandaran,-10.0,99299,36.74,53.84,Galugah,2008-10-01,MASA,85.36985205738645
Mazandaran,14.7,40737,36.49,52.11,Gharakhil,2008-10-01,MASA,338.6745123776684
Mazandaran,1294.3,40760,36.25,53.55,Kiyasar,2008-10-01,MASA,78.27737616627317
Mazandaran,1550.0,99348,36.39,51.73,Kojur,2008-10-01,MASA,226.5191345128308
Mazandaran,-20.9,40734,36.66,51.47,Nowshahr,2008-10-01,MASA,280.604910722662
Mazandaran,610.0,99360,36.1,53.06,Polsefid,2008-10-01,MASA,152.60655867188078
Mazandaran,-20.0,40732,36.9,50.68,Ramsar,2008-10-01,MASA,346.4349477204571
Mazandaran,23.0,40759,36.54,53.0,Sari,2008-10-01,MASA,126.6764818343411
Mazandaran,16.7,40788,36.64,53.2,Sari (Dasht-E-Naz Airport),2008-10-01,MASA,96.48435997097593
Mazandaran,1855.4,40735,36.23,51.3,Siahbisheh,2008-10-01,MASA,97.52617465584379
Mazandaran,1805.0,99361,36.07,52.84,Alasht,2008-11-01,MASA,84.10547853266337
Mazandaran,23.7,99309,36.48,52.47,Amol,2008-11-01,MASA,69.70210552965739
Mazandaran,-21.0,40736,36.7,52.64,Babolsar,2008-11-01,MASA,35.792382367006326
Mazandaran,2120.0,99357,36.2,51.8,Baladeh,2008-11-01,MASA,84.48025763784983
Mazandaran,-20.0,99306,36.86,53.39,Bandar-E-Amirabad,2008-11-01,MASA,15.871914036623025
Mazandaran,-10.0,99299,36.74,53.84,Galugah,2008-11-01,MASA,21.51671231543162
Mazandaran,14.7,40737,36.49,52.11,Gharakhil,2008-11-01,MASA,160.09324968611338
Mazandaran,1294.3,40760,36.25,53.55,Kiyasar,2008-11-01,MASA,23.281680353036904
Mazandaran,1550.0,99348,36.39,51.73,Kojur,2008-11-01,MASA,137.12765455996134
Mazandaran,-20.9,40734,36.66,51.47,Nowshahr,2008-11-01,MASA,183.58065367495158
Mazandaran,610.0,99360,36.1,53.06,Polsefid,2008-11-01,MASA,57.7212590054188
Mazandaran,-20.0,40732,36.9,50.68,Ramsar,2008-11-01,MASA,216.6495490149174
Mazandaran,23.0,40759,36.54,53.0,Sari,2008-11-01,MASA,22.83629954611399
Mazandaran,16.7,40788,36.64,53.2,Sari (Dasht-E-Naz Airport),2008-11-01,MASA,18.570156700960183
Mazandaran,1855.4,40735,36.23,51.3,Siahbisheh,2008-11-01,MASA,67.60806024824717
Mazandaran,1805.0,99361,36.07,52.84,Alasht,2008-12-01,MASA,90.75934112384942
Mazandaran,23.7,99309,36.48,52.47,Amol,2008-12-01,MASA,142.5346773894134
Mazandaran,-21.0,40736,36.7,52.64,Babolsar,2008-12-01,MASA,151.3908249171081
Mazandaran,2120.0,99357,36.2,51.8,Baladeh,2008-12-01,MASA,75.04916608646539
Mazandaran,-20.0,99306,36.86,53.39,Bandar-E-Amirabad,2008-12-01,MASA,121.08032822921899
Mazandaran,-10.0,99299,36.74,53.84,Galugah,2008-12-01,MASA,108.77523243740228
Mazandaran,14.7,40737,36.49,52.11,Gharakhil,2008-12-01,MASA,150.5966228277984
Mazandaran,1294.3,40760,36.25,53.55,Kiyasar,2008-12-01,MASA,118.541066053659
Mazandaran,1550.0,99348,36.39,51.73,Kojur,2008-12-01,MASA,98.82028818443445
Mazandaran,-20.9,40734,36.66,51.47,Nowshahr,2008-12-01,MASA,238.62323582485345
Mazandaran,610.0,99360,36.1,53.06,Polsefid,2008-12-01,MASA,90.61195373848108
Mazandaran,-20.0,40732,36.9,50.68,Ramsar,2008-12-01,MASA,245.74831545665887
Mazandaran,23.0,40759,36.54,53.0,Sari,2008-12-01,MASA,137.57303774669793
Mazandaran,16.7,40788,36.64,53.2,Sari (Dasht-E-Naz Airport),2008-12-01,MASA,134.8948073418441
Mazandaran,1855.4,40735,36.23,51.3,Siahbisheh,2008-12-01,MASA,56.434113982469114
Mazandaran,1805.0,99361,36.07,52.84,Alasht,2009-01-01,MASA,65.24242714175088
Mazandaran,23.7,99309,36.48,52.47,Amol,2009-01-01,MASA,87.0782013250242
Mazandaran,-21.0,40736,36.7,52.64,Babolsar,2009-01-01,MASA,76.87205329665048
Mazandaran,2120.0,99357,36.2,51.8,Baladeh,2009-01-01,MASA,54.75956455000741
Mazandaran,-20.0,99306,36.86,53.39,Bandar-E-Amirabad,2009-01-01,MASA,89.67383459338052
Mazandaran,-10.0,99299,36.74,53.84,Galugah,2009-01-01,MASA,65.1517982793699
Mazandaran,14.7,40737,36.49,52.11,Gharakhil,2009-01-01,MASA,111.08325675257547
Mazandaran,1294.3,40760,36.25,53.55,Kiyasar,2009-01-01,MASA,60.777353794659206
Mazandaran,1550.0,99348,36.39,51.73,Kojur,2009-01-01,MASA,71.48583486803872
Mazandaran,-20.9,40734,36.66,51.47,Nowshahr,2009-01-01,MASA,145.911696107472
Mazandaran,610.0,99360,36.1,53.06,Polsefid,2009-01-01,MASA,65.16880050429208
Mazandaran,-20.0,40732,36.9,50.68,Ramsar,2009-01-01,MASA,156.6085840774427
Mazandaran,23.0,40759,36.54,53.0,Sari,2009-01-01,MASA,81.27177015074594
Mazandaran,16.7,40788,36.64,53.2,Sari (Dasht-E-Naz Airport),2009-01-01,MASA,81.95816233881814
Mazandaran,1855.4,40735,36.23,51.3,Siahbisheh,2009-01-01,MASA,66.33261099585397
Mazandaran,1805.0,99361,36.07,52.84,Alasht,2009-02-01,MASA,111.06880926509888
Mazandaran,23.7,99309,36.48,52.47,Amol,2009-02-01,MASA,120.03285610099823
Mazandaran,-21.0,40736,36.7,52.64,Babolsar,2009-02-01,MASA,68.26516413112671
Mazandaran,2120.0,99357,36.2,51.8,Baladeh,2009-02-01,MASA,86.8070366325
Mazandaran,-20.0,99306,36.86,53.39,Bandar-E-Amirabad,2009-02-01,MASA,76.46053456684143
Mazandaran,-10.0,99299,36.74,53.84,Galugah,2009-02-01,MASA,114.16427218338043
Mazandaran,14.7,40737,36.49,52.11,Gharakhil,2009-02-01,MASA,142.83856176754028
Mazandaran,1294.3,40760,36.25,53.55,Kiyasar,2009-02-01,MASA,109.91994463821442
Mazandaran,1550.0,99348,36.39,51.73,Kojur,2009-02-01,MASA,82.77965509315521
Mazandaran,-20.9,40734,36.66,51.47,Nowshahr,2009-02-01,MASA,144.79921185394318
Mazandaran,610.0,99360,36.1,53.06,Polsefid,2009-02-01,MASA,105.2014025392154
Mazandaran,-20.0,40732,36.9,50.68,Ramsar,2009-02-01,MASA,143.91531967540772
Mazandaran,23.0,40759,36.54,53.0,Sari,2009-02-01,MASA,119.12100934406311
Mazandaran,16.7,40788,36.64,53.2,Sari (Dasht-E-Naz Airport),2009-02-01,MASA,105.9001477899173
Mazandaran,1855.4,40735,36.23,51.3,Siahbisheh,2009-02-01,MASA,115.50962352176697
Mazandaran,1805.0,99361,36.07,52.84,Alasht,2009-03-01,MASA,126.8957984689223
Mazandaran,23.7,99309,36.48,52.47,Amol,2009-03-01,MASA,115.40702554020754
Mazandaran,-21.0,40736,36.7,52.64,Babolsar,2009-03-01,MASA,64.04723050627581
Mazandaran,2120.0,99357,36.2,51.8,Baladeh,2009-03-01,MASA,84.82786091599337
Mazandaran,-20.0,99306,36.86,53.39,Bandar-E-Amirabad,2009-03-01,MASA,65.50401272806994
Mazandaran,-10.0,99299,36.74,53.84,Galugah,2009-03-01,MASA,93.6187935117232
Mazandaran,14.7,40737,36.49,52.11,Gharakhil,2009-03-01,MASA,152.16471823487154
Mazandaran,1294.3,40760,36.25,53.55,Kiyasar,2009-03-01,MASA,110.93360754284731
Mazandaran,1550.0,99348,36.39,51.73,Kojur,2009-03-01,MASA,121.71280952725283
Mazandaran,-20.9,40734,36.66,51.47,Nowshahr,2009-03-01,MASA,121.15768166813723
Mazandaran,610.0,99360,36.1,53.06,Polsefid,2009-03-01,MASA,138.67296847138277
Mazandaran,-20.0,40732,36.9,50.68,Ramsar,2009-03-01,MASA,142.08859028849474
Mazandaran,23.0,40759,36.54,53.0,Sari,2009-03-01,MASA,104.68704822096697
Mazandaran,16.7,40788,36.64,53.2,Sari (Dasht-E-Naz Airport),2009-03-01,MASA,94.05593397650591
Mazandaran,1855.4,40735,36.23,51.3,Siahbisheh,2009-03-01,MASA,75.60998770031802
Mazandaran,1805.0,99361,36.07,52.84,Alasht,2009-04-01,MASA,145.93532861700353
Mazandaran,23.7,99309,36.48,52.47,Amol,2009-04-01,MASA,117.80797125330267
Mazandaran,-21.0,40736,36.7,52.64,Babolsar,2009-04-01,MASA,68.20808531275091
Mazandaran,2120.0,99357,36.2,51.8,Baladeh,2009-04-01,MASA,110.77135981550512
Mazandaran,-20.0,99306,36.86,53.39,Bandar-E-Amirabad,2009-04-01,MASA,97.68088342180548
Mazandaran,-10.0,99299,36.74,53.84,Galugah,2009-04-01,MASA,132.41960288515386
Mazandaran,14.7,40737,36.49,52.11,Gharakhil,2009-04-01,MASA,164.55154301157293
Mazandaran,1294.3,40760,36.25,53.55,Kiyasar,2009-04-01,MASA,113.90002252092657
Mazandaran,1550.0,99348,36.39,51.73,Kojur,2009-04-01,MASA,121.98707641592321
Mazandaran,-20.9,40734,36.66,51.47,Nowshahr,2009-04-01,MASA,146.93421305647192
Mazandaran,610.0,99360,36.1,53.06,Polsefid,2009-04-01,MASA,147.61519612303076
Mazandaran,-20.0,40732,36.9,50.68,Ramsar,2009-04-01,MASA,201.28500641813574
Mazandaran,23.0,40759,36.54,53.0,Sari,2009-04-01,MASA,99.98545230856237
Mazandaran,16.7,40788,36.64,53.2,Sari (Dasht-E-Naz Airport),2009-04-01,MASA,89.66598094930944
Mazandaran,1855.4,40735,36.23,51.3,Siahbisheh,2009-04-01,MASA,155.22360981931982
Mazandaran,1805.0,99361,36.07,52.84,Alasht,2009-05-01,MASA,123.28750302443581
Mazandaran,23.7,99309,36.48,52.47,Amol,2009-05-01,MASA,45.92001845488625
Mazandaran,-21.0,40736,36.7,52.64,Babolsar,2009-05-01,MASA,23.716021677351762
Mazandaran,2120.0,99357,36.2,51.8,Baladeh,2009-05-01,MASA,90.65659751544075
Mazandaran,-20.0,99306,36.86,53.39,Bandar-E-Amirabad,2009-05-01,MASA,27.412254711485673
Mazandaran,-10.0,99299,36.74,53.84,Galugah,2009-05-01,MASA,44.16980256686287
Mazandaran,14.7,40737,36.49,52.11,Gharakhil,2009-05-01,MASA,108.88949443945961
Mazandaran,1294.3,40760,36.25,53.55,Kiyasar,2009-05-01,MASA,45.59089650759773
Mazandaran,1550.0,99348,36.39,51.73,Kojur,2009-05-01,MASA,131.47336651930885
Mazandaran,-20.9,40734,36.66,51.47,Nowshahr,2009-05-01,MASA,58.829564949370194
Mazandaran,610.0,99360,36.1,53.06,Polsefid,2009-05-01,MASA,81.5057944262989
Mazandaran,-20.0,40732,36.9,50.68,Ramsar,2009-05-01,MASA,72.11941887984352
Mazandaran,23.0,40759,36.54,53.0,Sari,2009-05-01,MASA,40.98737647185402
Mazandaran,16.7,40788,36.64,53.2,Sari (Dasht-E-Naz Airport),2009-05-01,MASA,30.87614884028511
Mazandaran,1855.4,40735,36.23,51.3,Siahbisheh,2009-05-01,MASA,87.99380471358376
Mazandaran,1805.0,99361,36.07,52.84,Alasht,2009-06-01,MASA,102.66679227706987
Mazandaran,23.7,99309,36.48,52.47,Amol,2009-06-01,MASA,61.50507629272539
Mazandaran,-21.0,40736,36.7,52.64,Babolsar,2009-06-01,MASA,14.493626359673328
Mazandaran,2120.0,99357,36.2,51.8,Baladeh,2009-06-01,MASA,191.15742743370134
Mazandaran,-20.0,99306,36.86,53.39,Bandar-E-Amirabad,2009-06-01,MASA,5.7897388970573616
Mazandaran,-10.0,99299,36.74,53.84,Galugah,2009-06-01,MASA,29.98149097320635
Mazandaran,14.7,40737,36.49,52.11,Gharakhil,2009-06-01,MASA,133.60292911884386
Mazandaran,1294.3,40760,36.25,53.55,Kiyasar,2009-06-01,MASA,60.599592331620045
Mazandaran,1550.0,99348,36.39,51.73,Kojur,2009-06-01,MASA,255.07834256050188
Mazandaran,-20.9,40734,36.66,51.47,Nowshahr,2009-06-01,MASA,62.97065019962389
Mazandaran,610.0,99360,36.1,53.06,Polsefid,2009-06-01,MASA,77.32154131290514
Mazandaran,-20.0,40732,36.9,50.68,Ramsar,2009-06-01,MASA,50.424885753365345
Mazandaran,23.0,40759,36.54,53.0,Sari,2009-06-01,MASA,36.562082174988575
Mazandaran,16.7,40788,36.64,53.2,Sari (Dasht-E-Naz Airport),2009-06-01,MASA,24.62681830284197
Mazandaran,1855.4,40735,36.23,51.3,Siahbisheh,2009-06-01,MASA,167.91364252922136
Mazandaran,1805.0,99361,36.07,52.84,Alasht,2009-07-01,MASA,38.65451552672283
Mazandaran,23.7,99309,36.48,52.47,Amol,2009-07-01,MASA,33.45854022307293
Mazandaran,-21.0,40736,36.7,52.64,Babolsar,2009-07-01,MASA,11.668169877957268
Mazandaran,2120.0,99357,36.2,51.8,Baladeh,2009-07-01,MASA,73.36902060313122
Mazandaran,-20.0,99306,36.86,53.39,Bandar-E-Amirabad,2009-07-01,MASA,22.327998660038872
Mazandaran,-10.0,99299,36.74,53.84,Galugah,2009-07-01,MASA,33.327037475537225
Mazandaran,14.7,40737,36.49,52.11,Gharakhil,2009-07-01,MASA,50.152102492283746
Mazandaran,1294.3,40760,36.25,53.55,Kiyasar,2009-07-01,MASA,30.679563067387505
Mazandaran,1550.0,99348,36.39,51.73,Kojur,2009-07-01,MASA,99.59539212984936
Mazandaran,-20.9,40734,36.66,51.47,Nowshahr,2009-07-01,MASA,31.507978222798272
Mazandaran,610.0,99360,36.1,53.06,Polsefid,2009-07-01,MASA,37.49882616801159
Mazandaran,-20.0,40732,36.9,50.68,Ramsar,2009-07-01,MASA,55.72935380740063
Mazandaran,23.0,40759,36.54,53.0,Sari,2009-07-01,MASA,30.945384881924554
Mazandaran,16.7,40788,36.64,53.2,Sari (Dasht-E-Naz Airport),2009-07-01,MASA,22.32311107916729
Mazandaran,1855.4,40735,36.23,51.3,Siahbisheh,2009-07-01,MASA,57.74107017321484
Mazandaran,1805.0,99361,36.07,52.84,Alasht,2009-08-01,MASA,125.1711340722963
Mazandaran,23.7,99309,36.48,52.47,Amol,2009-08-01,MASA,83.39006622409073
Mazandaran,-21.0,40736,36.7,52.64,Babolsar,2009-08-01,MASA,34.41647608851639
Mazandaran,2120.0,99357,36.2,51.8,Baladeh,2009-08-01,MASA,133.17708094691483
Mazandaran,-20.0,99306,36.86,53.39,Bandar-E-Amirabad,2009-08-01,MASA,59.34015830134598
Mazandaran,-10.0,99299,36.74,53.84,Galugah,2009-08-01,MASA,118.3594258603975
Mazandaran,14.7,40737,36.49,52.11,Gharakhil,2009-08-01,MASA,187.81221826647965
Mazandaran,1294.3,40760,36.25,53.55,Kiyasar,2009-08-01,MASA,104.28483207797257
Mazandaran,1550.0,99348,36.39,51.73,Kojur,2009-08-01,MASA,228.60472817992417
Mazandaran,-20.9,40734,36.66,51.47,Nowshahr,2009-08-01,MASA,110.10206659411637
Mazandaran,610.0,99360,36.1,53.06,Polsefid,2009-08-01,MASA,116.365829306595
Mazandaran,-20.0,40732,36.9,50.68,Ramsar,2009-08-01,MASA,166.04865511035172
Mazandaran,23.0,40759,36.54,53.0,Sari,2009-08-01,MASA,110.64829845999924
Mazandaran,16.7,40788,36.64,53.2,Sari (Dasht-E-Naz Airport),2009-08-01,MASA,82.67978747462479
Mazandaran,1855.4,40735,36.23,51.3,Siahbisheh,2009-08-01,MASA,98.62487931822983
Mazandaran,1805.0,99361,36.07,52.84,Alasht,2009-09-01,MASA,342.9120195104147
Mazandaran,23.7,99309,36.48,52.47,Amol,2009-09-01,MASA,203.7494790746237
Mazandaran,-21.0,40736,36.7,52.64,Babolsar,2009-09-01,MASA,156.14965679183257
Mazandaran,2120.0,99357,36.2,51.8,Baladeh,2009-09-01,MASA,231.56108083262694
Mazandaran,-20.0,99306,36.86,53.39,Bandar-E-Amirabad,2009-09-01,MASA,86.57731236949218
Mazandaran,-10.0,99299,36.74,53.84,Galugah,2009-09-01,MASA,141.95414008631957
Mazandaran,14.7,40737,36.49,52.11,Gharakhil,2009-09-01,MASA,423.67960633769286
Mazandaran,1294.3,40760,36.25,53.55,Kiyasar,2009-09-01,MASA,133.8608277036215
Mazandaran,1550.0,99348,36.39,51.73,Kojur,2009-09-01,MASA,436.68277682795775
Mazandaran,-20.9,40734,36.66,51.47,Nowshahr,2009-09-01,MASA,309.57178892627013
Mazandaran,610.0,99360,36.1,53.06,Polsefid,2009-09-01,MASA,301.1451077653433
Mazandaran,-20.0,40732,36.9,50.68,Ramsar,2009-09-01,MASA,301.14627005591643
Mazandaran,23.0,40759,36.54,53.0,Sari,2009-09-01,MASA,166.6197490884329
Mazandaran,16.7,40788,36.64,53.2,Sari (Dasht-E-Naz Airport),2009-09-01,MASA,128.0746025039221
Mazandaran,1855.4,40735,36.23,51.3,Siahbisheh,2009-09-01,MASA,144.06690122618926
Mazandaran,1805.0,99361,36.07,52.84,Alasht,2009-10-01,MASA,52.2600773317734
Mazandaran,23.7,99309,36.48,52.47,Amol,2009-10-01,MASA,35.49995157550967
Mazandaran,-21.0,40736,36.7,52.64,Babolsar,2009-10-01,MASA,23.646748398057582
Mazandaran,2120.0,99357,36.2,51.8,Baladeh,2009-10-01,MASA,90.19171330761111
Mazandaran,-20.0,99306,36.86,53.39,Bandar-E-Amirabad,2009-10-01,MASA,10.99794242214358
Mazandaran,-10.0,99299,36.74,53.84,Galugah,2009-10-01,MASA,23.617676232568385
Mazandaran,14.7,40737,36.49,52.11,Gharakhil,2009-10-01,MASA,128.105452988855
Mazandaran,1294.3,40760,36.25,53.55,Kiyasar,2009-10-01,MASA,14.453536604158046
Mazandaran,1550.0,99348,36.39,51.73,Kojur,2009-10-01,MASA,128.46178445648349
Mazandaran,-20.9,40734,36.66,51.47,Nowshahr,2009-10-01,MASA,112.45000991653598
Mazandaran,610.0,99360,36.1,53.06,Polsefid,2009-10-01,MASA,22.15439710449374
Mazandaran,-20.0,40732,36.9,50.68,Ramsar,2009-10-01,MASA,128.2122496111313
Mazandaran,23.0,40759,36.54,53.0,Sari,2009-10-01,MASA,21.076625917665126
Mazandaran,16.7,40788,36.64,53.2,Sari (Dasht-E-Naz Airport),2009-10-01,MASA,14.322004054299953
Mazandaran,1855.4,40735,36.23,51.3,Siahbisheh,2009-10-01,MASA,94.50133774112857
Mazandaran,1805.0,99361,36.07,52.84,Alasht,2009-11-01,MASA,114.85040655122347
Mazandaran,23.7,99309,36.48,52.47,Amol,2009-11-01,MASA,136.33804490552492
Mazandaran,-21.0,40736,36.7,52.64,Babolsar,2009-11-01,MASA,129.94550635800906
Mazandaran,2120.0,99357,36.2,51.8,Baladeh,2009-11-01,MASA,83.69122912869997
Mazandaran,-20.0,99306,36.86,53.39,Bandar-E-Amirabad,2009-11-01,MASA,141.66859259591646
Mazandaran,-10.0,99299,36.74,53.84,Galugah,2009-11-01,MASA,119.28783824430056
Mazandaran,14.7,40737,36.49,52.11,Gharakhil,2009-11-01,MASA,161.95282807336397
Mazandaran,1294.3,40760,36.25,53.55,Kiyasar,2009-11-01,MASA,103.18427255139895
Mazandaran,1550.0,99348,36.39,51.73,Kojur,2009-11-01,MASA,108.56949260221072
Mazandaran,-20.9,40734,36.66,51.47,Nowshahr,2009-11-01,MASA,221.4164929626996
Mazandaran,610.0,99360,36.1,53.06,Polsefid,2009-11-01,MASA,108.32649936662264
Mazandaran,-20.0,40732,36.9,50.68,Ramsar,2009-11-01,MASA,213.52734138951845
Mazandaran,23.0,40759,36.54,53.0,Sari,2009-11-01,MASA,128.24193110452242
Mazandaran,16.7,40788,36.64,53.2,Sari (Dasht-E-Naz Airport),2009-11-01,MASA,135.55255999551363
Mazandaran,1855.4,40735,36.23,51.3,Siahbisheh,2009-11-01,MASA,87.91237046704836
Mazandaran,1805.0,99361,36.07,52.84,Alasht,2009-12-01,MASA,52.71402012400728
Mazandaran,23.7,99309,36.48,52.47,Amol,2009-12-01,MASA,85.31625579886537
Mazandaran,-21.0,40736,36.7,52.64,Babolsar,2009-12-01,MASA,59.939667692709975
Mazandaran,2120.0,99357,36.2,51.8,Baladeh,2009-12-01,MASA,41.26580070548158
Mazandaran,-20.0,99306,36.86,53.39,Bandar-E-Amirabad,2009-12-01,MASA,66.1656857638846
Mazandaran,-10.0,99299,36.74,53.84,Galugah,2009-12-01,MASA,56.40356253676515
Mazandaran,14.7,40737,36.49,52.11,Gharakhil,2009-12-01,MASA,110.90071510367494
Mazandaran,1294.3,40760,36.25,53.55,Kiyasar,2009-12-01,MASA,50.95298599295717
Mazandaran,1550.0,99348,36.39,51.73,Kojur,2009-12-01,MASA,50.82872520976167
Mazandaran,-20.9,40734,36.66,51.47,Nowshahr,2009-12-01,MASA,136.90021645121675
Mazandaran,610.0,99360,36.1,53.06,Polsefid,2009-12-01,MASA,47.055825701285414
Mazandaran,-20.0,40732,36.9,50.68,Ramsar,2009-12-01,MASA,142.10061739974122
Mazandaran,23.0,40759,36.54,53.0,Sari,2009-12-01,MASA,62.138170114089064
Mazandaran,16.7,40788,36.64,53.2,Sari (Dasht-E-Naz Airport),2009-12-01,MASA,60.98996113829713
Mazandaran,1855.4,40735,36.23,51.3,Siahbisheh,2009-12-01,MASA,43.328225722838454
Mazandaran,1805.0,99361,36.07,52.84,Alasht,2010-01-01,MASA,50.65051278489818
Mazandaran,23.7,99309,36.48,52.47,Amol,2010-01-01,MASA,100.38741490262737
Mazandaran,-21.0,40736,36.7,52.64,Babolsar,2010-01-01,MASA,79.62257227319469
Mazandaran,2120.0,99357,36.2,51.8,Baladeh,2010-01-01,MASA,31.442498773515126
Mazandaran,-20.0,99306,36.86,53.39,Bandar-E-Amirabad,2010-01-01,MASA,88.4004738034605
Mazandaran,-10.0,99299,36.74,53.84,Galugah,2010-01-01,MASA,72.0357950629591
Mazandaran,14.7,40737,36.49,52.11,Gharakhil,2010-01-01,MASA,101.59297844785442
Mazandaran,1294.3,40760,36.25,53.55,Kiyasar,2010-01-01,MASA,37.18565961736431
Mazandaran,1550.0,99348,36.39,51.73,Kojur,2010-01-01,MASA,42.385643333375356
Mazandaran,-20.9,40734,36.66,51.47,Nowshahr,2010-01-01,MASA,139.47929999250164
Mazandaran,610.0,99360,36.1,53.06,Polsefid,2010-01-01,MASA,44.335624188363454
Mazandaran,-20.0,40732,36.9,50.68,Ramsar,2010-01-01,MASA,158.3385523261427
Mazandaran,23.0,40759,36.54,53.0,Sari,2010-01-01,MASA,78.55982145684948
Mazandaran,16.7,40788,36.64,53.2,Sari (Dasht-E-Naz Airport),2010-01-01,MASA,73.709642499864
Mazandaran,1855.4,40735,36.23,51.3,Siahbisheh,2010-01-01,MASA,37.445088833749196
Mazandaran,1805.0,99361,36.07,52.84,Alasht,2010-02-01,MASA,110.93731775000748
Mazandaran,23.7,99309,36.48,52.47,Amol,2010-02-01,MASA,111.63932635501084
Mazandaran,-21.0,40736,36.7,52.64,Babolsar,2010-02-01,MASA,56.29110886767563
Mazandaran,2120.0,99357,36.2,51.8,Baladeh,2010-02-01,MASA,74.54690887644944
Mazandaran,-20.0,99306,36.86,53.39,Bandar-E-Amirabad,2010-02-01,MASA,87.7337212772673
Mazandaran,-10.0,99299,36.74,53.84,Galugah,2010-02-01,MASA,99.96399833872971
Mazandaran,14.7,40737,36.49,52.11,Gharakhil,2010-02-01,MASA,134.293144485504
Mazandaran,1294.3,40760,36.25,53.55,Kiyasar,2010-02-01,MASA,96.4004750461882
Mazandaran,1550.0,99348,36.39,51.73,Kojur,2010-02-01,MASA,82.03234328940567
Mazandaran,-20.9,40734,36.66,51.47,Nowshahr,2010-02-01,MASA,136.64861573889908
Mazandaran,610.0,99360,36.1,53.06,Polsefid,2010-02-01,MASA,111.24693407729325
Mazandaran,-20.0,40732,36.9,50.68,Ramsar,2010-02-01,MASA,137.80685319617447
Mazandaran,23.0,40759,36.54,53.0,Sari,2010-02-01,MASA,93.10643925383744
Mazandaran,16.7,40788,36.64,53.2,Sari (Dasht-E-Naz Airport),2010-02-01,MASA,90.18007471278366
Mazandaran,1855.4,40735,36.23,51.3,Siahbisheh,2010-02-01,MASA,103.82500841334519
Mazandaran,1805.0,99361,36.07,52.84,Alasht,2010-03-01,MASA,79.48564859035656
Mazandaran,23.7,99309,36.48,52.47,Amol,2010-03-01,MASA,62.610366660386774
Mazandaran,-21.0,40736,36.7,52.64,Babolsar,2010-03-01,MASA,37.22072513702557
Mazandaran,2120.0,99357,36.2,51.8,Baladeh,2010-03-01,MASA,72.51919181945965
Mazandaran,-20.0,99306,36.86,53.39,Bandar-E-Amirabad,2010-03-01,MASA,62.89080651405499
Mazandaran,-10.0,99299,36.74,53.84,Galugah,2010-03-01,MASA,69.245227891237
Mazandaran,14.7,40737,36.49,52.11,Gharakhil,2010-03-01,MASA,81.6096601069276
Mazandaran,1294.3,40760,36.25,53.55,Kiyasar,2010-03-01,MASA,68.07045014503643
Mazandaran,1550.0,99348,36.39,51.73,Kojur,2010-03-01,MASA,78.15020652416393
Mazandaran,-20.9,40734,36.66,51.47,Nowshahr,2010-03-01,MASA,99.85590847137615
Mazandaran,610.0,99360,36.1,53.06,Polsefid,2010-03-01,MASA,77.31465371254131
Mazandaran,-20.0,40732,36.9,50.68,Ramsar,2010-03-01,MASA,119.2627933800523
Mazandaran,23.0,40759,36.54,53.0,Sari,2010-03-01,MASA,61.859899479181024
Mazandaran,16.7,40788,36.64,53.2,Sari (Dasht-E-Naz Airport),2010-03-01,MASA,53.01369102600262
Mazandaran,1855.4,40735,36.23,51.3,Siahbisheh,2010-03-01,MASA,81.98947580459759
Mazandaran,1805.0,99361,36.07,52.84,Alasht,2010-04-01,MASA,127.70395163477133
Mazandaran,23.7,99309,36.48,52.47,Amol,2010-04-01,MASA,86.20910529077719
Mazandaran,-21.0,40736,36.7,52.64,Babolsar,2010-04-01,MASA,39.62215963781546
Mazandaran,2120.0,99357,36.2,51.8,Baladeh,2010-04-01,MASA,103.15846089304159
Mazandaran,-20.0,99306,36.86,53.39,Bandar-E-Amirabad,2010-04-01,MASA,53.9052504676647
Mazandaran,-10.0,99299,36.74,53.84,Galugah,2010-04-01,MASA,81.86744336069296
Mazandaran,14.7,40737,36.49,52.11,Gharakhil,2010-04-01,MASA,117.14120391786764
Mazandaran,1294.3,40760,36.25,53.55,Kiyasar,2010-04-01,MASA,92.76934150636862
Mazandaran,1550.0,99348,36.39,51.73,Kojur,2010-04-01,MASA,127.89455238760183
Mazandaran,-20.9,40734,36.66,51.47,Nowshahr,2010-04-01,MASA,86.37738410413931
Mazandaran,610.0,99360,36.1,53.06,Polsefid,2010-04-01,MASA,122.42047671259115
Mazandaran,-20.0,40732,36.9,50.68,Ramsar,2010-04-01,MASA,96.92153517187307
Mazandaran,23.0,40759,36.54,53.0,Sari,2010-04-01,MASA,75.6899732726879
Mazandaran,16.7,40788,36.64,53.2,Sari (Dasht-E-Naz Airport),2010-04-01,MASA,57.97104720056723
Mazandaran,1855.4,40735,36.23,51.3,Siahbisheh,2010-04-01,MASA,114.48322419107626
Mazandaran,1805.0,99361,36.07,52.84,Alasht,2010-05-01,MASA,120.395082923757
Mazandaran,23.7,99309,36.48,52.47,Amol,2010-05-01,MASA,34.06459459959166
Mazandaran,-21.0,40736,36.7,52.64,Babolsar,2010-05-01,MASA,11.916343066083357
Mazandaran,2120.0,99357,36.2,51.8,Baladeh,2010-05-01,MASA,122.5637681215872
Mazandaran,-20.0,99306,36.86,53.39,Bandar-E-Amirabad,2010-05-01,MASA,17.849955651151106
Mazandaran,-10.0,99299,36.74,53.84,Galugah,2010-05-01,MASA,54.38904831110136
Mazandaran,14.7,40737,36.49,52.11,Gharakhil,2010-05-01,MASA,124.92481240926878
Mazandaran,1294.3,40760,36.25,53.55,Kiyasar,2010-05-01,MASA,68.13454994856016
Mazandaran,1550.0,99348,36.39,51.73,Kojur,2010-05-01,MASA,159.18757388292448
Mazandaran,-20.9,40734,36.66,51.47,Nowshahr,2010-05-01,MASA,36.23599180875914
Mazandaran,610.0,99360,36.1,53.06,Polsefid,2010-05-01,MASA,100.0832057922949
Mazandaran,-20.0,40732,36.9,50.68,Ramsar,2010-05-01,MASA,51.970932576047346
Mazandaran,23.0,40759,36.54,53.0,Sari,2010-05-01,MASA,33.21235248743193
Mazandaran,16.7,40788,36.64,53.2,Sari (Dasht-E-Naz Airport),2010-05-01,MASA,29.036629888402388
Mazandaran,1855.4,40735,36.23,51.3,Siahbisheh,2010-05-01,MASA,149.86642071901457
Mazandaran,1805.0,99361,36.07,52.84,Alasht,2010-06-01,MASA,138.0319353714512
Mazandaran,23.7,99309,36.48,52.47,Amol,2010-06-01,MASA,11.663010396055995
Mazandaran,-21.0,40736,36.7,52.64,Babolsar,2010-06-01,MASA,6.150847353033839
Mazandaran,2120.0,99357,36.2,51.8,Baladeh,2010-06-01,MASA,123.56639472394448
Mazandaran,-20.0,99306,36.86,53.39,Bandar-E-Amirabad,2010-06-01,MASA,15.817081607870875
Mazandaran,-10.0,99299,36.74,53.84,Galugah,2010-06-01,MASA,49.887245573096095
Mazandaran,14.7,40737,36.49,52.11,Gharakhil,2010-06-01,MASA,171.6620829477833
Mazandaran,1294.3,40760,36.25,53.55,Kiyasar,2010-06-01,MASA,38.85534969716531
Mazandaran,1550.0,99348,36.39,51.73,Kojur,2010-06-01,MASA,167.98841027169686
Mazandaran,-20.9,40734,36.66,51.47,Nowshahr,2010-06-01,MASA,24.806832946829616
Mazandaran,610.0,99360,36.1,53.06,Polsefid,2010-06-01,MASA,65.52181211858255
Mazandaran,-20.0,40732,36.9,50.68,Ramsar,2010-06-01,MASA,40.385982073836146
Mazandaran,23.0,40759,36.54,53.0,Sari,2010-06-01,MASA,13.767948426298915
Mazandaran,16.7,40788,36.64,53.2,Sari (Dasht-E-Naz Airport),2010-06-01,MASA,23.24131695180398
Mazandaran,1855.4,40735,36.23,51.3,Siahbisheh,2010-06-01,MASA,72.73656693845254
Mazandaran,1805.0,99361,36.07,52.84,Alasht,2010-07-01,MASA,46.03819145020083
Mazandaran,23.7,99309,36.48,52.47,Amol,2010-07-01,MASA,20.54588092621401
Mazandaran,-21.0,40736,36.7,52.64,Babolsar,2010-07-01,MASA,3.550018799863608
Mazandaran,2120.0,99357,36.2,51.8,Baladeh,2010-07-01,MASA,102.61061383541659
Mazandaran,-20.0,99306,36.86,53.39,Bandar-E-Amirabad,2010-07-01,MASA,1.759644282422812
Mazandaran,-10.0,99299,36.74,53.84,Galugah,2010-07-01,MASA,11.778574121557028
Mazandaran,14.7,40737,36.49,52.11,Gharakhil,2010-07-01,MASA,57.49952389057711
Mazandaran,1294.3,40760,36.25,53.55,Kiyasar,2010-07-01,MASA,26.073958409391196
Mazandaran,1550.0,99348,36.39,51.73,Kojur,2010-07-01,MASA,128.54824556168154
Mazandaran,-20.9,40734,36.66,51.47,Nowshahr,2010-07-01,MASA,20.376961362920554
Mazandaran,610.0,99360,36.1,53.06,Polsefid,2010-07-01,MASA,35.745244157872946
Mazandaran,-20.0,40732,36.9,50.68,Ramsar,2010-07-01,MASA,25.911952984891684
Mazandaran,23.0,40759,36.54,53.0,Sari,2010-07-01,MASA,14.39581407364443
Mazandaran,16.7,40788,36.64,53.2,Sari (Dasht-E-Naz Airport),2010-07-01,MASA,11.701758635602744
Mazandaran,1855.4,40735,36.23,51.3,Siahbisheh,2010-07-01,MASA,53.110982907377036
Mazandaran,1805.0,99361,36.07,52.84,Alasht,2010-08-01,MASA,160.6359355960123
Mazandaran,23.7,99309,36.48,52.47,Amol,2010-08-01,MASA,73.88942175247593
Mazandaran,-21.0,40736,36.7,52.64,Babolsar,2010-08-01,MASA,36.01022296287937
Mazandaran,2120.0,99357,36.2,51.8,Baladeh,2010-08-01,MASA,185.8531259808771
Mazandaran,-20.0,99306,36.86,53.39,Bandar-E-Amirabad,2010-08-01,MASA,21.13922171928806
Mazandaran,-10.0,99299,36.74,53.84,Galugah,2010-08-01,MASA,43.38176780083103
Mazandaran,14.7,40737,36.49,52.11,Gharakhil,2010-08-01,MASA,184.43331354000492
Mazandaran,1294.3,40760,36.25,53.55,Kiyasar,2010-08-01,MASA,63.58815961220188
Mazandaran,1550.0,99348,36.39,51.73,Kojur,2010-08-01,MASA,249.46691327431125
Mazandaran,-20.9,40734,36.66,51.47,Nowshahr,2010-08-01,MASA,95.38325898983402
Mazandaran,610.0,99360,36.1,53.06,Polsefid,2010-08-01,MASA,101.32248931267185
Mazandaran,-20.0,40732,36.9,50.68,Ramsar,2010-08-01,MASA,103.36283080913944
Mazandaran,23.0,40759,36.54,53.0,Sari,2010-08-01,MASA,75.14612608292026
Mazandaran,16.7,40788,36.64,53.2,Sari (Dasht-E-Naz Airport),2010-08-01,MASA,53.244742086910435
Mazandaran,1855.4,40735,36.23,51.3,Siahbisheh,2010-08-01,MASA,107.83554845192356
Mazandaran,1805.0,99361,36.07,52.84,Alasht,2010-09-01,MASA,89.56571913451938
Mazandaran,23.7,99309,36.48,52.47,Amol,2010-09-01,MASA,44.57097745628147
Mazandaran,-21.0,40736,36.7,52.64,Babolsar,2010-09-01,MASA,19.44440103263645
Mazandaran,2120.0,99357,36.2,51.8,Baladeh,2010-09-01,MASA,100.69626069755344
Mazandaran,-20.0,99306,36.86,53.39,Bandar-E-Amirabad,2010-09-01,MASA,18.56004691810398
Mazandaran,-10.0,99299,36.74,53.84,Galugah,2010-09-01,MASA,28.784702188680455
Mazandaran,14.7,40737,36.49,52.11,Gharakhil,2010-09-01,MASA,117.69981182307987
Mazandaran,1294.3,40760,36.25,53.55,Kiyasar,2010-09-01,MASA,53.26322711200504
Mazandaran,1550.0,99348,36.39,51.73,Kojur,2010-09-01,MASA,147.00053132266788
Mazandaran,-20.9,40734,36.66,51.47,Nowshahr,2010-09-01,MASA,82.07152283878116
Mazandaran,610.0,99360,36.1,53.06,Polsefid,2010-09-01,MASA,64.49056661815433
Mazandaran,-20.0,40732,36.9,50.68,Ramsar,2010-09-01,MASA,118.86535084934025
Mazandaran,23.0,40759,36.54,53.0,Sari,2010-09-01,MASA,56.89629412383823
Mazandaran,16.7,40788,36.64,53.2,Sari (Dasht-E-Naz Airport),2010-09-01,MASA,42.175988323400304
Mazandaran,1855.4,40735,36.23,51.3,Siahbisheh,2010-09-01,MASA,67.02324248046665
Mazandaran,1805.0,99361,36.07,52.84,Alasht,2010-10-01,MASA,131.3693050450233
Mazandaran,23.7,99309,36.48,52.47,Amol,2010-10-01,MASA,169.67391708554302
Mazandaran,-21.0,40736,36.7,52.64,Babolsar,2010-10-01,MASA,104.72029188336407
Mazandaran,2120.0,99357,36.2,51.8,Baladeh,2010-10-01,MASA,95.0349990433601
Mazandaran,-20.0,99306,36.86,53.39,Bandar-E-Amirabad,2010-10-01,MASA,62.961039335146296
Mazandaran,-10.0,99299,36.74,53.84,Galugah,2010-10-01,MASA,89.48592582406079
Mazandaran,14.7,40737,36.49,52.11,Gharakhil,2010-10-01,MASA,291.0454247301964
Mazandaran,1294.3,40760,36.25,53.55,Kiyasar,2010-10-01,MASA,96.87576928795849
Mazandaran,1550.0,99348,36.39,51.73,Kojur,2010-10-01,MASA,156.41715863408123
Mazandaran,-20.9,40734,36.66,51.47,Nowshahr,2010-10-01,MASA,246.12498024167095
Mazandaran,610.0,99360,36.1,53.06,Polsefid,2010-10-01,MASA,128.78922858895336
Mazandaran,-20.0,40732,36.9,50.68,Ramsar,2010-10-01,MASA,340.6284127539543
Mazandaran,23.0,40759,36.54,53.0,Sari,2010-10-01,MASA,120.8555225438026
Mazandaran,16.7,40788,36.64,53.2,Sari (Dasht-E-Naz Airport),2010-10-01,MASA,82.28918650807415
Mazandaran,1855.4,40735,36.23,51.3,Siahbisheh,2010-10-01,MASA,51.99375489415203
Mazandaran,1805.0,99361,36.07,52.84,Alasht,2010-11-01,MASA,29.72691861060639
Mazandaran,23.7,99309,36.48,52.47,Amol,2010-11-01,MASA,25.988872918162542
Mazandaran,-21.0,40736,36.7,52.64,Babolsar,2010-11-01,MASA,15.564452680621343
Mazandaran,2120.0,99357,36.2,51.8,Baladeh,2010-11-01,MASA,41.95846227077027
Mazandaran,-20.0,99306,36.86,53.39,Bandar-E-Amirabad,2010-11-01,MASA,9.724985631976324
Mazandaran,-10.0,99299,36.74,53.84,Galugah,2010-11-01,MASA,11.998783620867925
Mazandaran,14.7,40737,36.49,52.11,Gharakhil,2010-11-01,MASA,43.254162940058904
Mazandaran,1294.3,40760,36.25,53.55,Kiyasar,2010-11-01,MASA,17.898794087443548
Mazandaran,1550.0,99348,36.39,51.73,Kojur,2010-11-01,MASA,37.935357364688116
Mazandaran,-20.9,40734,36.66,51.47,Nowshahr,2010-11-01,MASA,56.00867775348206
Mazandaran,610.0,99360,36.1,53.06,Polsefid,2010-11-01,MASA,24.0910759296753
Mazandaran,-20.0,40732,36.9,50.68,Ramsar,2010-11-01,MASA,80.67871240046998
Mazandaran,23.0,40759,36.54,53.0,Sari,2010-11-01,MASA,18.919925960574346
Mazandaran,16.7,40788,36.64,53.2,Sari (Dasht-E-Naz Airport),2010-11-01,MASA,13.550888570819097
Mazandaran,1855.4,40735,36.23,51.3,Siahbisheh,2010-11-01,MASA,46.72355559733887
Mazandaran,1805.0,99361,36.07,52.84,Alasht,2010-12-01,MASA,35.44468110407806
Mazandaran,23.7,99309,36.48,52.47,Amol,2010-12-01,MASA,28.448824342145684
Mazandaran,-21.0,40736,36.7,52.64,Babolsar,2010-12-01,MASA,15.34235900248504
Mazandaran,2120.0,99357,36.2,51.8,Baladeh,2010-12-01,MASA,26.773620899572137
Mazandaran,-20.0,99306,36.86,53.39,Bandar-E-Amirabad,2010-12-01,MASA,6.559361275090936
Mazandaran,-10.0,99299,36.74,53.84,Galugah,2010-12-01,MASA,23.81985312308288
Mazandaran,14.7,40737,36.49,52.11,Gharakhil,2010-12-01,MASA,52.443270142926934
Mazandaran,1294.3,40760,36.25,53.55,Kiyasar,2010-12-01,MASA,13.622928913488153
Mazandaran,1550.0,99348,36.39,51.73,Kojur,2010-12-01,MASA,33.94428318346954
Mazandaran,-20.9,40734,36.66,51.47,Nowshahr,2010-12-01,MASA,31.564746554746392
Mazandaran,610.0,99360,36.1,53.06,Polsefid,2010-12-01,MASA,28.80780821646667
Mazandaran,-20.0,40732,36.9,50.68,Ramsar,2010-12-01,MASA,35.05823438967681
Mazandaran,23.0,40759,36.54,53.0,Sari,2010-12-01,MASA,17.815802749051812
Mazandaran,16.7,40788,36.64,53.2,Sari (Dasht-E-Naz Airport),2010-12-01,MASA,12.969840820684198
Mazandaran,1855.4,40735,36.23,51.3,Siahbisheh,2010-12-01,MASA,26.159305628194574
Mazandaran,1805.0,99361,36.07,52.84,Alasht,2011-01-01,MASA,63.23076916555692
Mazandaran,23.7,99309,36.48,52.47,Amol,2011-01-01,MASA,79.42466569761564
Mazandaran,-21.0,40736,36.7,52.64,Babolsar,2011-01-01,MASA,77.02319455961515
Mazandaran,2120.0,99357,36.2,51.8,Baladeh,2011-01-01,MASA,57.21008909563352
Mazandaran,-20.0,99306,36.86,53.39,Bandar-E-Amirabad,2011-01-01,MASA,74.16692508081724
Mazandaran,-10.0,99299,36.74,53.84,Galugah,2011-01-01,MASA,62.22434473852445
Mazandaran,14.7,40737,36.49,52.11,Gharakhil,2011-01-01,MASA,110.93659830908109
Mazandaran,1294.3,40760,36.25,53.55,Kiyasar,2011-01-01,MASA,60.29842925886442
Mazandaran,1550.0,99348,36.39,51.73,Kojur,2011-01-01,MASA,73.33322001318265
Mazandaran,-20.9,40734,36.66,51.47,Nowshahr,2011-01-01,MASA,137.00629902700712
Mazandaran,610.0,99360,36.1,53.06,Polsefid,2011-01-01,MASA,55.79969418863584
Mazandaran,-20.0,40732,36.9,50.68,Ramsar,2011-01-01,MASA,201.71535147051145
Mazandaran,23.0,40759,36.54,53.0,Sari,2011-01-01,MASA,68.55425370554258
Mazandaran,16.7,40788,36.64,53.2,Sari (Dasht-E-Naz Airport),2011-01-01,MASA,76.42464471678068
Mazandaran,1855.4,40735,36.23,51.3,Siahbisheh,2011-01-01,MASA,66.06269014696409
Mazandaran,1805.0,99361,36.07,52.84,Alasht,2011-02-01,MASA,95.17781920889234
Mazandaran,23.7,99309,36.48,52.47,Amol,2011-02-01,MASA,128.02006788709974
Mazandaran,-21.0,40736,36.7,52.64,Babolsar,2011-02-01,MASA,88.69423456648207
Mazandaran,2120.0,99357,36.2,51.8,Baladeh,2011-02-01,MASA,67.8673733041606
Mazandaran,-20.0,99306,36.86,53.39,Bandar-E-Amirabad,2011-02-01,MASA,85.53201444605207
Mazandaran,-10.0,99299,36.74,53.84,Galugah,2011-02-01,MASA,102.44496651151991
Mazandaran,14.7,40737,36.49,52.11,Gharakhil,2011-02-01,MASA,154.7579068706355
Mazandaran,1294.3,40760,36.25,53.55,Kiyasar,2011-02-01,MASA,75.44272132376051
Mazandaran,1550.0,99348,36.39,51.73,Kojur,2011-02-01,MASA,94.30082626798963
Mazandaran,-20.9,40734,36.66,51.47,Nowshahr,2011-02-01,MASA,181.36527128675795
Mazandaran,610.0,99360,36.1,53.06,Polsefid,2011-02-01,MASA,92.9431218669734
Mazandaran,-20.0,40732,36.9,50.68,Ramsar,2011-02-01,MASA,208.15234370687818
Mazandaran,23.0,40759,36.54,53.0,Sari,2011-02-01,MASA,104.48945053079939
Mazandaran,16.7,40788,36.64,53.2,Sari (Dasht-E-Naz Airport),2011-02-01,MASA,95.82205601194715
Mazandaran,1855.4,40735,36.23,51.3,Siahbisheh,2011-02-01,MASA,82.8076649473033
Mazandaran,1805.0,99361,36.07,52.84,Alasht,2011-03-01,MASA,92.59967289634119
Mazandaran,23.7,99309,36.48,52.47,Amol,2011-03-01,MASA,75.88121078677545
Mazandaran,-21.0,40736,36.7,52.64,Babolsar,2011-03-01,MASA,46.89736447997461
Mazandaran,2120.0,99357,36.2,51.8,Baladeh,2011-03-01,MASA,118.9203240699328
Mazandaran,-20.0,99306,36.86,53.39,Bandar-E-Amirabad,2011-03-01,MASA,75.264213306383
Mazandaran,-10.0,99299,36.74,53.84,Galugah,2011-03-01,MASA,72.40777991481195
Mazandaran,14.7,40737,36.49,52.11,Gharakhil,2011-03-01,MASA,110.07177613444696
Mazandaran,1294.3,40760,36.25,53.55,Kiyasar,2011-03-01,MASA,82.23810575671564
Mazandaran,1550.0,99348,36.39,51.73,Kojur,2011-03-01,MASA,93.28837476439844
Mazandaran,-20.9,40734,36.66,51.47,Nowshahr,2011-03-01,MASA,103.78283045955072
Mazandaran,610.0,99360,36.1,53.06,Polsefid,2011-03-01,MASA,92.01228402324091
Mazandaran,-20.0,40732,36.9,50.68,Ramsar,2011-03-01,MASA,124.45680580802332
Mazandaran,23.0,40759,36.54,53.0,Sari,2011-03-01,MASA,63.209874255136356
Mazandaran,16.7,40788,36.64,53.2,Sari (Dasht-E-Naz Airport),2011-03-01,MASA,60.71613512702356
Mazandaran,1855.4,40735,36.23,51.3,Siahbisheh,2011-03-01,MASA,154.73425172038446
Mazandaran,1805.0,99361,36.07,52.84,Alasht,2011-04-01,MASA,74.56486736602486
Mazandaran,23.7,99309,36.48,52.47,Amol,2011-04-01,MASA,33.29744254417122
Mazandaran,-21.0,40736,36.7,52.64,Babolsar,2011-04-01,MASA,11.355631697842483
Mazandaran,2120.0,99357,36.2,51.8,Baladeh,2011-04-01,MASA,63.038863886067276
Mazandaran,-20.0,99306,36.86,53.39,Bandar-E-Amirabad,2011-04-01,MASA,23.91263161964119
Mazandaran,-10.0,99299,36.74,53.84,Galugah,2011-04-01,MASA,34.27479480571449
Mazandaran,14.7,40737,36.49,52.11,Gharakhil,2011-04-01,MASA,71.77915488547981
Mazandaran,1294.3,40760,36.25,53.55,Kiyasar,2011-04-01,MASA,33.364736188122635
Mazandaran,1550.0,99348,36.39,51.73,Kojur,2011-04-01,MASA,94.35645555324257
Mazandaran,-20.9,40734,36.66,51.47,Nowshahr,2011-04-01,MASA,52.761831033894424
Mazandaran,610.0,99360,36.1,53.06,Polsefid,2011-04-01,MASA,51.164769280621414
Mazandaran,-20.0,40732,36.9,50.68,Ramsar,2011-04-01,MASA,71.77656208343208
Mazandaran,23.0,40759,36.54,53.0,Sari,2011-04-01,MASA,23.497261751362686
Mazandaran,16.7,40788,36.64,53.2,Sari (Dasht-E-Naz Airport),2011-04-01,MASA,17.6475427038163
Mazandaran,1855.4,40735,36.23,51.3,Siahbisheh,2011-04-01,MASA,88.577904451558
Mazandaran,1805.0,99361,36.07,52.84,Alasht,2011-05-01,MASA,157.34511538679286
Mazandaran,23.7,99309,36.48,52.47,Amol,2011-05-01,MASA,44.92650850946589
Mazandaran,-21.0,40736,36.7,52.64,Babolsar,2011-05-01,MASA,15.400602661916452
Mazandaran,2120.0,99357,36.2,51.8,Baladeh,2011-05-01,MASA,117.39855929548426
Mazandaran,-20.0,99306,36.86,53.39,Bandar-E-Amirabad,2011-05-01,MASA,12.335910641500192
Mazandaran,-10.0,99299,36.74,53.84,Galugah,2011-05-01,MASA,48.06682392294093
Mazandaran,14.7,40737,36.49,52.11,Gharakhil,2011-05-01,MASA,189.97858389551325
Mazandaran,1294.3,40760,36.25,53.55,Kiyasar,2011-05-01,MASA,64.97417315179987
Mazandaran,1550.0,99348,36.39,51.73,Kojur,2011-05-01,MASA,188.90823348695918
Mazandaran,-20.9,40734,36.66,51.47,Nowshahr,2011-05-01,MASA,37.98095806772395
Mazandaran,610.0,99360,36.1,53.06,Polsefid,2011-05-01,MASA,125.5747519367425
Mazandaran,-20.0,40732,36.9,50.68,Ramsar,2011-05-01,MASA,42.15328320200129
Mazandaran,23.0,40759,36.54,53.0,Sari,2011-05-01,MASA,40.26862903768702
Mazandaran,16.7,40788,36.64,53.2,Sari (Dasht-E-Naz Airport),2011-05-01,MASA,24.174227558919625
Mazandaran,1855.4,40735,36.23,51.3,Siahbisheh,2011-05-01,MASA,106.33917077715083
Mazandaran,1805.0,99361,36.07,52.84,Alasht,2011-06-01,MASA,87.2616078127244
Mazandaran,23.7,99309,36.48,52.47,Amol,2011-06-01,MASA,59.5385785568574
Mazandaran,-21.0,40736,36.7,52.64,Babolsar,2011-06-01,MASA,30.378317402682598
Mazandaran,2120.0,99357,36.2,51.8,Baladeh,2011-06-01,MASA,126.26712577231913
Mazandaran,-20.0,99306,36.86,53.39,Bandar-E-Amirabad,2011-06-01,MASA,32.42292063125163
Mazandaran,-10.0,99299,36.74,53.84,Galugah,2011-06-01,MASA,65.31863467582255
Mazandaran,14.7,40737,36.49,52.11,Gharakhil,2011-06-01,MASA,159.33502273448497
Mazandaran,1294.3,40760,36.25,53.55,Kiyasar,2011-06-01,MASA,66.93855481036692
Mazandaran,1550.0,99348,36.39,51.73,Kojur,2011-06-01,MASA,169.7395052183488
Mazandaran,-20.9,40734,36.66,51.47,Nowshahr,2011-06-01,MASA,74.52668802627116
Mazandaran,610.0,99360,36.1,53.06,Polsefid,2011-06-01,MASA,81.17560105212718
Mazandaran,-20.0,40732,36.9,50.68,Ramsar,2011-06-01,MASA,103.51475136168986
Mazandaran,23.0,40759,36.54,53.0,Sari,2011-06-01,MASA,54.44290296920329
Mazandaran,16.7,40788,36.64,53.2,Sari (Dasht-E-Naz Airport),2011-06-01,MASA,49.475615786395366
Mazandaran,1855.4,40735,36.23,51.3,Siahbisheh,2011-06-01,MASA,81.94436685927897
Mazandaran,1805.0,99361,36.07,52.84,Alasht,2011-07-01,MASA,23.3382244682403
Mazandaran,23.7,99309,36.48,52.47,Amol,2011-07-01,MASA,29.21259003640131
Mazandaran,-21.0,40736,36.7,52.64,Babolsar,2011-07-01,MASA,5.366574702271976
Mazandaran,2120.0,99357,36.2,51.8,Baladeh,2011-07-01,MASA,93.09579032422022
Mazandaran,-20.0,99306,36.86,53.39,Bandar-E-Amirabad,2011-07-01,MASA,2.712484178552188
Mazandaran,-10.0,99299,36.74,53.84,Galugah,2011-07-01,MASA,11.292841014871158
Mazandaran,14.7,40737,36.49,52.11,Gharakhil,2011-07-01,MASA,45.75672346116022
Mazandaran,1294.3,40760,36.25,53.55,Kiyasar,2011-07-01,MASA,20.0093795633407
Mazandaran,1550.0,99348,36.39,51.73,Kojur,2011-07-01,MASA,97.77381616593317
Mazandaran,-20.9,40734,36.66,51.47,Nowshahr,2011-07-01,MASA,30.905913290986575
Mazandaran,610.0,99360,36.1,53.06,Polsefid,2011-07-01,MASA,20.145516572007693
Mazandaran,-20.0,40732,36.9,50.68,Ramsar,2011-07-01,MASA,29.515456137666263
Mazandaran,23.0,40759,36.54,53.0,Sari,2011-07-01,MASA,21.914954957971133
Mazandaran,16.7,40788,36.64,53.2,Sari (Dasht-E-Naz Airport),2011-07-01,MASA,11.539127407083072
Mazandaran,1855.4,40735,36.23,51.3,Siahbisheh,2011-07-01,MASA,80.08424538136438
Mazandaran,1805.0,99361,36.07,52.84,Alasht,2011-08-01,MASA,189.33195214952647
Mazandaran,23.7,99309,36.48,52.47,Amol,2011-08-01,MASA,159.76530652727305
Mazandaran,-21.0,40736,36.7,52.64,Babolsar,2011-08-01,MASA,81.98383789743602
Mazandaran,2120.0,99357,36.2,51.8,Baladeh,2011-08-01,MASA,236.02949422086894
Mazandaran,-20.0,99306,36.86,53.39,Bandar-E-Amirabad,2011-08-01,MASA,55.344227368490095
Mazandaran,-10.0,99299,36.74,53.84,Galugah,2011-08-01,MASA,77.19162445749461
Mazandaran,14.7,40737,36.49,52.11,Gharakhil,2011-08-01,MASA,286.453682596342
Mazandaran,1294.3,40760,36.25,53.55,Kiyasar,2011-08-01,MASA,115.12157660211741
Mazandaran,1550.0,99348,36.39,51.73,Kojur,2011-08-01,MASA,363.6911843367976
Mazandaran,-20.9,40734,36.66,51.47,Nowshahr,2011-08-01,MASA,249.34360724176585
Mazandaran,610.0,99360,36.1,53.06,Polsefid,2011-08-01,MASA,154.01806276525676
Mazandaran,-20.0,40732,36.9,50.68,Ramsar,2011-08-01,MASA,320.5992464372081
Mazandaran,23.0,40759,36.54,53.0,Sari,2011-08-01,MASA,146.90263908590495
Mazandaran,16.7,40788,36.64,53.2,Sari (Dasht-E-Naz Airport),2011-08-01,MASA,96.57237272943675
Mazandaran,1855.4,40735,36.23,51.3,Siahbisheh,2011-08-01,MASA,211.37926321710765
Mazandaran,1805.0,99361,36.07,52.84,Alasht,2011-09-01,MASA,127.20045476981667
Mazandaran,23.7,99309,36.48,52.47,Amol,2011-09-01,MASA,102.9180887324479
Mazandaran,-21.0,40736,36.7,52.64,Babolsar,2011-09-01,MASA,53.21192771026162
Mazandaran,2120.0,99357,36.2,51.8,Baladeh,2011-09-01,MASA,128.74481111594704
Mazandaran,-20.0,99306,36.86,53.39,Bandar-E-Amirabad,2011-09-01,MASA,44.7617474181321
Mazandaran,-10.0,99299,36.74,53.84,Galugah,2011-09-01,MASA,66.00861280986337
Mazandaran,14.7,40737,36.49,52.11,Gharakhil,2011-09-01,MASA,215.06229072639016
Mazandaran,1294.3,40760,36.25,53.55,Kiyasar,2011-09-01,MASA,87.6835289580491
Mazandaran,1550.0,99348,36.39,51.73,Kojur,2011-09-01,MASA,257.13257521220714
Mazandaran,-20.9,40734,36.66,51.47,Nowshahr,2011-09-01,MASA,168.95803838798074
Mazandaran,610.0,99360,36.1,53.06,Polsefid,2011-09-01,MASA,96.41692071982888
Mazandaran,-20.0,40732,36.9,50.68,Ramsar,2011-09-01,MASA,308.85963171550304
Mazandaran,23.0,40759,36.54,53.0,Sari,2011-09-01,MASA,96.98510199615029
Mazandaran,16.7,40788,36.64,53.2,Sari (Dasht-E-Naz Airport),2011-09-01,MASA,71.38666540214089
Mazandaran,1855.4,40735,36.23,51.3,Siahbisheh,2011-09-01,MASA,90.61172634192971
Mazandaran,1805.0,99361,36.07,52.84,Alasht,2011-10-01,MASA,183.92690663957723
Mazandaran,23.7,99309,36.48,52.47,Amol,2011-10-01,MASA,172.21337204599507
Mazandaran,-21.0,40736,36.7,52.64,Babolsar,2011-10-01,MASA,174.3396187367452
Mazandaran,2120.0,99357,36.2,51.8,Baladeh,2011-10-01,MASA,175.00382309579976
Mazandaran,-20.0,99306,36.86,53.39,Bandar-E-Amirabad,2011-10-01,MASA,201.2727970423711
Mazandaran,-10.0,99299,36.74,53.84,Galugah,2011-10-01,MASA,185.63001995706685
Mazandaran,14.7,40737,36.49,52.11,Gharakhil,2011-10-01,MASA,260.4757065119756
Mazandaran,1294.3,40760,36.25,53.55,Kiyasar,2011-10-01,MASA,145.21409218931325
Mazandaran,1550.0,99348,36.39,51.73,Kojur,2011-10-01,MASA,244.53380351686604
Mazandaran,-20.9,40734,36.66,51.47,Nowshahr,2011-10-01,MASA,283.2147592844976
Mazandaran,610.0,99360,36.1,53.06,Polsefid,2011-10-01,MASA,148.28887229585774
Mazandaran,-20.0,40732,36.9,50.68,Ramsar,2011-10-01,MASA,376.0429287495626
Mazandaran,23.0,40759,36.54,53.0,Sari,2011-10-01,MASA,171.0027570071233
Mazandaran,16.7,40788,36.64,53.2,Sari (Dasht-E-Naz Airport),2011-10-01,MASA,175.95906203413136
Mazandaran,1855.4,40735,36.23,51.3,Siahbisheh,2011-10-01,MASA,192.21317415857442
Mazandaran,1805.0,99361,36.07,52.84,Alasht,2011-11-01,MASA,102.60704570454848
Mazandaran,23.7,99309,36.48,52.47,Amol,2011-11-01,MASA,126.77385323685897
Mazandaran,-21.0,40736,36.7,52.64,Babolsar,2011-11-01,MASA,82.1398984734465
Mazandaran,2120.0,99357,36.2,51.8,Baladeh,2011-11-01,MASA,89.34769445103896
Mazandaran,-20.0,99306,36.86,53.39,Bandar-E-Amirabad,2011-11-01,MASA,76.34525411767257
Mazandaran,-10.0,99299,36.74,53.84,Galugah,2011-11-01,MASA,75.57267361325515
Mazandaran,14.7,40737,36.49,52.11,Gharakhil,2011-11-01,MASA,181.98483102959884
Mazandaran,1294.3,40760,36.25,53.55,Kiyasar,2011-11-01,MASA,68.16316061658156
Mazandaran,1550.0,99348,36.39,51.73,Kojur,2011-11-01,MASA,122.49556594533217
Mazandaran,-20.9,40734,36.66,51.47,Nowshahr,2011-11-01,MASA,244.0370660368849
Mazandaran,610.0,99360,36.1,53.06,Polsefid,2011-11-01,MASA,94.48591285390151
Mazandaran,-20.0,40732,36.9,50.68,Ramsar,2011-11-01,MASA,384.9154006783415
Mazandaran,23.0,40759,36.54,53.0,Sari,2011-11-01,MASA,84.84419100922835
Mazandaran,16.7,40788,36.64,53.2,Sari (Dasht-E-Naz Airport),2011-11-01,MASA,70.27572804135573
Mazandaran,1855.4,40735,36.23,51.3,Siahbisheh,2011-11-01,MASA,119.2066412512709
Mazandaran,1805.0,99361,36.07,52.84,Alasht,2011-12-01,MASA,34.47427638583278
Mazandaran,23.7,99309,36.48,52.47,Amol,2011-12-01,MASA,45.57218440585231
Mazandaran,-21.0,40736,36.7,52.64,Babolsar,2011-12-01,MASA,27.158864222098344
Mazandaran,2120.0,99357,36.2,51.8,Baladeh,2011-12-01,MASA,24.302639446784013
Mazandaran,-20.0,99306,36.86,53.39,Bandar-E-Amirabad,2011-12-01,MASA,31.296976290274614
Mazandaran,-10.0,99299,36.74,53.84,Galugah,2011-12-01,MASA,22.379421077300066
Mazandaran,14.7,40737,36.49,52.11,Gharakhil,2011-12-01,MASA,64.82835897021388
Mazandaran,1294.3,40760,36.25,53.55,Kiyasar,2011-12-01,MASA,19.827135286856645
Mazandaran,1550.0,99348,36.39,51.73,Kojur,2011-12-01,MASA,30.522682152319902
Mazandaran,-20.9,40734,36.66,51.47,Nowshahr,2011-12-01,MASA,78.93892415576076
Mazandaran,610.0,99360,36.1,53.06,Polsefid,2011-12-01,MASA,31.13526888899898
Mazandaran,-20.0,40732,36.9,50.68,Ramsar,2011-12-01,MASA,124.92356487326717
Mazandaran,23.0,40759,36.54,53.0,Sari,2011-12-01,MASA,27.745254717398637
Mazandaran,16.7,40788,36.64,53.2,Sari (Dasht-E-Naz Airport),2011-12-01,MASA,26.027344546843523
Mazandaran,1855.4,40735,36.23,51.3,Siahbisheh,2011-12-01,MASA,28.455980501700395
Mazandaran,1805.0,99361,36.07,52.84,Alasht,2012-01-01,MASA,78.21443028165831
Mazandaran,23.7,99309,36.48,52.47,Amol,2012-01-01,MASA,108.62705952837004
Mazandaran,-21.0,40736,36.7,52.64,Babolsar,2012-01-01,MASA,82.39106185152067
Mazandaran,2120.0,99357,36.2,51.8,Baladeh,2012-01-01,MASA,47.73240632726683
Mazandaran,-20.0,99306,36.86,53.39,Bandar-E-Amirabad,2012-01-01,MASA,86.12402624799742
Mazandaran,-10.0,99299,36.74,53.84,Galugah,2012-01-01,MASA,84.54971856786742
Mazandaran,14.7,40737,36.49,52.11,Gharakhil,2012-01-01,MASA,110.34820325090422
Mazandaran,1294.3,40760,36.25,53.55,Kiyasar,2012-01-01,MASA,72.50150389387144
Mazandaran,1550.0,99348,36.39,51.73,Kojur,2012-01-01,MASA,58.62999803735747
Mazandaran,-20.9,40734,36.66,51.47,Nowshahr,2012-01-01,MASA,136.67737788869871
Mazandaran,610.0,99360,36.1,53.06,Polsefid,2012-01-01,MASA,79.23600918962492
Mazandaran,-20.0,40732,36.9,50.68,Ramsar,2012-01-01,MASA,157.8982407541467
Mazandaran,23.0,40759,36.54,53.0,Sari,2012-01-01,MASA,95.39549894048704
Mazandaran,16.7,40788,36.64,53.2,Sari (Dasht-E-Naz Airport),2012-01-01,MASA,94.16828400804533
Mazandaran,1855.4,40735,36.23,51.3,Siahbisheh,2012-01-01,MASA,64.47780973627104
Mazandaran,1805.0,99361,36.07,52.84,Alasht,2012-02-01,MASA,91.4519851020259
Mazandaran,23.7,99309,36.48,52.47,Amol,2012-02-01,MASA,124.01392803701583
Mazandaran,-21.0,40736,36.7,52.64,Babolsar,2012-02-01,MASA,88.2800941279811
Mazandaran,2120.0,99357,36.2,51.8,Baladeh,2012-02-01,MASA,57.43753657850448
Mazandaran,-20.0,99306,36.86,53.39,Bandar-E-Amirabad,2012-02-01,MASA,104.33228061708633
Mazandaran,-10.0,99299,36.74,53.84,Galugah,2012-02-01,MASA,127.15297685178939
Mazandaran,14.7,40737,36.49,52.11,Gharakhil,2012-02-01,MASA,128.50700066599074
Mazandaran,1294.3,40760,36.25,53.55,Kiyasar,2012-02-01,MASA,116.21954784902755
Mazandaran,1550.0,99348,36.39,51.73,Kojur,2012-02-01,MASA,65.60282156976882
Mazandaran,-20.9,40734,36.66,51.47,Nowshahr,2012-02-01,MASA,183.40642498048965
Mazandaran,610.0,99360,36.1,53.06,Polsefid,2012-02-01,MASA,87.53905938181106
Mazandaran,-20.0,40732,36.9,50.68,Ramsar,2012-02-01,MASA,189.46708486589614
Mazandaran,23.0,40759,36.54,53.0,Sari,2012-02-01,MASA,117.42505178960982
Mazandaran,16.7,40788,36.64,53.2,Sari (Dasht-E-Naz Airport),2012-02-01,MASA,120.6565772107524
Mazandaran,1855.4,40735,36.23,51.3,Siahbisheh,2012-02-01,MASA,86.98275433096114
Mazandaran,1805.0,99361,36.07,52.84,Alasht,2012-03-01,MASA,104.15660241957525
Mazandaran,23.7,99309,36.48,52.47,Amol,2012-03-01,MASA,117.54584709521154
Mazandaran,-21.0,40736,36.7,52.64,Babolsar,2012-03-01,MASA,82.5372079979978
Mazandaran,2120.0,99357,36.2,51.8,Baladeh,2012-03-01,MASA,87.44314710017065
Mazandaran,-20.0,99306,36.86,53.39,Bandar-E-Amirabad,2012-03-01,MASA,88.93919388171057
Mazandaran,-10.0,99299,36.74,53.84,Galugah,2012-03-01,MASA,105.1601807248197
Mazandaran,14.7,40737,36.49,52.11,Gharakhil,2012-03-01,MASA,139.24387494440893
Mazandaran,1294.3,40760,36.25,53.55,Kiyasar,2012-03-01,MASA,87.19000617380956
Mazandaran,1550.0,99348,36.39,51.73,Kojur,2012-03-01,MASA,95.61844567175726
Mazandaran,-20.9,40734,36.66,51.47,Nowshahr,2012-03-01,MASA,147.16680745001653
Mazandaran,610.0,99360,36.1,53.06,Polsefid,2012-03-01,MASA,103.72239748354772
Mazandaran,-20.0,40732,36.9,50.68,Ramsar,2012-03-01,MASA,157.2233925234876
Mazandaran,23.0,40759,36.54,53.0,Sari,2012-03-01,MASA,104.08854881640295
Mazandaran,16.7,40788,36.64,53.2,Sari (Dasht-E-Naz Airport),2012-03-01,MASA,97.76908556338171
Mazandaran,1855.4,40735,36.23,51.3,Siahbisheh,2012-03-01,MASA,120.12774149294714
Mazandaran,1805.0,99361,36.07,52.84,Alasht,2012-04-01,MASA,128.48388723106652
Mazandaran,23.7,99309,36.48,52.47,Amol,2012-04-01,MASA,32.83908537597924
Mazandaran,-21.0,40736,36.7,52.64,Babolsar,2012-04-01,MASA,12.689228570177846
Mazandaran,2120.0,99357,36.2,51.8,Baladeh,2012-04-01,MASA,96.82325593204766
Mazandaran,-20.0,99306,36.86,53.39,Bandar-E-Amirabad,2012-04-01,MASA,15.656511699869924
Mazandaran,-10.0,99299,36.74,53.84,Galugah,2012-04-01,MASA,62.54154763193398
Mazandaran,14.7,40737,36.49,52.11,Gharakhil,2012-04-01,MASA,87.14673987598687
Mazandaran,1294.3,40760,36.25,53.55,Kiyasar,2012-04-01,MASA,96.10959461899071
Mazandaran,1550.0,99348,36.39,51.73,Kojur,2012-04-01,MASA,137.97499558897286
Mazandaran,-20.9,40734,36.66,51.47,Nowshahr,2012-04-01,MASA,44.45651493044167
Mazandaran,610.0,99360,36.1,53.06,Polsefid,2012-04-01,MASA,108.7363766786602
Mazandaran,-20.0,40732,36.9,50.68,Ramsar,2012-04-01,MASA,52.837881660178
Mazandaran,23.0,40759,36.54,53.0,Sari,2012-04-01,MASA,43.03873649807244
Mazandaran,16.7,40788,36.64,53.2,Sari (Dasht-E-Naz Airport),2012-04-01,MASA,36.31960920067101
Mazandaran,1855.4,40735,36.23,51.3,Siahbisheh,2012-04-01,MASA,79.93979326458245
Mazandaran,1805.0,99361,36.07,52.84,Alasht,2012-05-01,MASA,179.34333606151043
Mazandaran,23.7,99309,36.48,52.47,Amol,2012-05-01,MASA,77.69895418075023
Mazandaran,-21.0,40736,36.7,52.64,Babolsar,2012-05-01,MASA,17.02994926360546
Mazandaran,2120.0,99357,36.2,51.8,Baladeh,2012-05-01,MASA,132.65045805362163
Mazandaran,-20.0,99306,36.86,53.39,Bandar-E-Amirabad,2012-05-01,MASA,13.413944081339224
Mazandaran,-10.0,99299,36.74,53.84,Galugah,2012-05-01,MASA,72.0850311079353
Mazandaran,14.7,40737,36.49,52.11,Gharakhil,2012-05-01,MASA,212.33794911292492
Mazandaran,1294.3,40760,36.25,53.55,Kiyasar,2012-05-01,MASA,79.91113586810528
Mazandaran,1550.0,99348,36.39,51.73,Kojur,2012-05-01,MASA,158.49087460425793
Mazandaran,-20.9,40734,36.66,51.47,Nowshahr,2012-05-01,MASA,51.08136756804882
Mazandaran,610.0,99360,36.1,53.06,Polsefid,2012-05-01,MASA,132.61238558677135
Mazandaran,-20.0,40732,36.9,50.68,Ramsar,2012-05-01,MASA,93.4008143701881
Mazandaran,23.0,40759,36.54,53.0,Sari,2012-05-01,MASA,34.61051805404125
Mazandaran,16.7,40788,36.64,53.2,Sari (Dasht-E-Naz Airport),2012-05-01,MASA,27.85303516772686
Mazandaran,1855.4,40735,36.23,51.3,Siahbisheh,2012-05-01,MASA,120.04939539817272
Mazandaran,1805.0,99361,36.07,52.84,Alasht,2012-06-01,MASA,99.92817599027148
Mazandaran,23.7,99309,36.48,52.47,Amol,2012-06-01,MASA,96.23006540982715
Mazandaran,-21.0,40736,36.7,52.64,Babolsar,2012-06-01,MASA,27.067279402899658
Mazandaran,2120.0,99357,36.2,51.8,Baladeh,2012-06-01,MASA,177.86242622582904
Mazandaran,-20.0,99306,36.86,53.39,Bandar-E-Amirabad,2012-06-01,MASA,13.854166452574646
Mazandaran,-10.0,99299,36.74,53.84,Galugah,2012-06-01,MASA,45.414378826308166
Mazandaran,14.7,40737,36.49,52.11,Gharakhil,2012-06-01,MASA,181.16385299413196
Mazandaran,1294.3,40760,36.25,53.55,Kiyasar,2012-06-01,MASA,68.38509995191089
Mazandaran,1550.0,99348,36.39,51.73,Kojur,2012-06-01,MASA,285.58531958310596
Mazandaran,-20.9,40734,36.66,51.47,Nowshahr,2012-06-01,MASA,143.7153126641988
Mazandaran,610.0,99360,36.1,53.06,Polsefid,2012-06-01,MASA,77.63848263471118
Mazandaran,-20.0,40732,36.9,50.68,Ramsar,2012-06-01,MASA,104.35627955644122
Mazandaran,23.0,40759,36.54,53.0,Sari,2012-06-01,MASA,69.71012610642902
Mazandaran,16.7,40788,36.64,53.2,Sari (Dasht-E-Naz Airport),2012-06-01,MASA,44.02612704484454
Mazandaran,1855.4,40735,36.23,51.3,Siahbisheh,2012-06-01,MASA,142.57555264680377
Mazandaran,1805.0,99361,36.07,52.84,Alasht,2012-07-01,MASA,91.72428174236913
Mazandaran,23.7,99309,36.48,52.47,Amol,2012-07-01,MASA,121.33591397026677
Mazandaran,-21.0,40736,36.7,52.64,Babolsar,2012-07-01,MASA,47.72230012634893
Mazandaran,2120.0,99357,36.2,51.8,Baladeh,2012-07-01,MASA,157.103916241919
Mazandaran,-20.0,99306,36.86,53.39,Bandar-E-Amirabad,2012-07-01,MASA,28.157462909017994
Mazandaran,-10.0,99299,36.74,53.84,Galugah,2012-07-01,MASA,72.7266870282044
Mazandaran,14.7,40737,36.49,52.11,Gharakhil,2012-07-01,MASA,175.5561284563889
Mazandaran,1294.3,40760,36.25,53.55,Kiyasar,2012-07-01,MASA,89.25936146000524
Mazandaran,1550.0,99348,36.39,51.73,Kojur,2012-07-01,MASA,198.81454630116124
Mazandaran,-20.9,40734,36.66,51.47,Nowshahr,2012-07-01,MASA,168.5404829523911
Mazandaran,610.0,99360,36.1,53.06,Polsefid,2012-07-01,MASA,79.14984746197362
Mazandaran,-20.0,40732,36.9,50.68,Ramsar,2012-07-01,MASA,140.368675424849
Mazandaran,23.0,40759,36.54,53.0,Sari,2012-07-01,MASA,111.23420818070073
Mazandaran,16.7,40788,36.64,53.2,Sari (Dasht-E-Naz Airport),2012-07-01,MASA,67.09421200970311
Mazandaran,1855.4,40735,36.23,51.3,Siahbisheh,2012-07-01,MASA,147.94201178768773
Mazandaran,1805.0,99361,36.07,52.84,Alasht,2012-08-01,MASA,37.78088026254878
Mazandaran,23.7,99309,36.48,52.47,Amol,2012-08-01,MASA,59.17771094053492
Mazandaran,-21.0,40736,36.7,52.64,Babolsar,2012-08-01,MASA,11.088489820654246
Mazandaran,2120.0,99357,36.2,51.8,Baladeh,2012-08-01,MASA,130.730598499472
Mazandaran,-20.0,99306,36.86,53.39,Bandar-E-Amirabad,2012-08-01,MASA,3.299831678564402
Mazandaran,-10.0,99299,36.74,53.84,Galugah,2012-08-01,MASA,12.305095126325938
Mazandaran,14.7,40737,36.49,52.11,Gharakhil,2012-08-01,MASA,147.5421183606933
Mazandaran,1294.3,40760,36.25,53.55,Kiyasar,2012-08-01,MASA,23.69172804563746
Mazandaran,1550.0,99348,36.39,51.73,Kojur,2012-08-01,MASA,207.8734480640243
Mazandaran,-20.9,40734,36.66,51.47,Nowshahr,2012-08-01,MASA,115.1545190116714
Mazandaran,610.0,99360,36.1,53.06,Polsefid,2012-08-01,MASA,30.79232506960139
Mazandaran,-20.0,40732,36.9,50.68,Ramsar,2012-08-01,MASA,148.70126478880152
Mazandaran,23.0,40759,36.54,53.0,Sari,2012-08-01,MASA,25.90873770921931
Mazandaran,16.7,40788,36.64,53.2,Sari (Dasht-E-Naz Airport),2012-08-01,MASA,12.384235193426463
Mazandaran,1855.4,40735,36.23,51.3,Siahbisheh,2012-08-01,MASA,80.07860117166743
Mazandaran,1805.0,99361,36.07,52.84,Alasht,2012-09-01,MASA,181.7697206236133
Mazandaran,23.7,99309,36.48,52.47,Amol,2012-09-01,MASA,145.26382775080293
Mazandaran,-21.0,40736,36.7,52.64,Babolsar,2012-09-01,MASA,66.3677224613437
Mazandaran,2120.0,99357,36.2,51.8,Baladeh,2012-09-01,MASA,141.61515922319978
Mazandaran,-20.0,99306,36.86,53.39,Bandar-E-Amirabad,2012-09-01,MASA,45.446536848665176
Mazandaran,-10.0,99299,36.74,53.84,Galugah,2012-09-01,MASA,66.42059178125947
Mazandaran,14.7,40737,36.49,52.11,Gharakhil,2012-09-01,MASA,219.62151617777437
Mazandaran,1294.3,40760,36.25,53.55,Kiyasar,2012-09-01,MASA,116.10431165468782
Mazandaran,1550.0,99348,36.39,51.73,Kojur,2012-09-01,MASA,258.3181777693042
Mazandaran,-20.9,40734,36.66,51.47,Nowshahr,2012-09-01,MASA,174.9967405296573
Mazandaran,610.0,99360,36.1,53.06,Polsefid,2012-09-01,MASA,120.5274680353412
Mazandaran,-20.0,40732,36.9,50.68,Ramsar,2012-09-01,MASA,172.2322622038135
Mazandaran,23.0,40759,36.54,53.0,Sari,2012-09-01,MASA,127.47005314600557
Mazandaran,16.7,40788,36.64,53.2,Sari (Dasht-E-Naz Airport),2012-09-01,MASA,95.80535382998079
Mazandaran,1855.4,40735,36.23,51.3,Siahbisheh,2012-09-01,MASA,80.85740298998445
Mazandaran,1805.0,99361,36.07,52.84,Alasht,2012-10-01,MASA,122.39940830079021
Mazandaran,23.7,99309,36.48,52.47,Amol,2012-10-01,MASA,135.4597843488783
Mazandaran,-21.0,40736,36.7,52.64,Babolsar,2012-10-01,MASA,121.41161032525005
Mazandaran,2120.0,99357,36.2,51.8,Baladeh,2012-10-01,MASA,106.66872926560345
Mazandaran,-20.0,99306,36.86,53.39,Bandar-E-Amirabad,2012-10-01,MASA,83.04937549439373
Mazandaran,-10.0,99299,36.74,53.84,Galugah,2012-10-01,MASA,133.37929912415447
Mazandaran,14.7,40737,36.49,52.11,Gharakhil,2012-10-01,MASA,204.51262958851757
Mazandaran,1294.3,40760,36.25,53.55,Kiyasar,2012-10-01,MASA,108.53457816449108
Mazandaran,1550.0,99348,36.39,51.73,Kojur,2012-10-01,MASA,155.57103224602642
Mazandaran,-20.9,40734,36.66,51.47,Nowshahr,2012-10-01,MASA,125.5708522399992
Mazandaran,610.0,99360,36.1,53.06,Polsefid,2012-10-01,MASA,120.2573812803358
Mazandaran,-20.0,40732,36.9,50.68,Ramsar,2012-10-01,MASA,149.43516620007458
Mazandaran,23.0,40759,36.54,53.0,Sari,2012-10-01,MASA,116.9082111915678
Mazandaran,16.7,40788,36.64,53.2,Sari (Dasht-E-Naz Airport),2012-10-01,MASA,101.97140642014446
Mazandaran,1855.4,40735,36.23,51.3,Siahbisheh,2012-10-01,MASA,74.72522922364178
Mazandaran,1805.0,99361,36.07,52.84,Alasht,2012-11-01,MASA,119.98160546901815
Mazandaran,23.7,99309,36.48,52.47,Amol,2012-11-01,MASA,125.47980612400167
Mazandaran,-21.0,40736,36.7,52.64,Babolsar,2012-11-01,MASA,97.35912448051565
Mazandaran,2120.0,99357,36.2,51.8,Baladeh,2012-11-01,MASA,102.8991377938091
Mazandaran,-20.0,99306,36.86,53.39,Bandar-E-Amirabad,2012-11-01,MASA,121.89078694465749
Mazandaran,-10.0,99299,36.74,53.84,Galugah,2012-11-01,MASA,99.28864604118459
Mazandaran,14.7,40737,36.49,52.11,Gharakhil,2012-11-01,MASA,191.94321697834127
Mazandaran,1294.3,40760,36.25,53.55,Kiyasar,2012-11-01,MASA,81.00656038406484
Mazandaran,1550.0,99348,36.39,51.73,Kojur,2012-11-01,MASA,142.8243852246105
Mazandaran,-20.9,40734,36.66,51.47,Nowshahr,2012-11-01,MASA,213.12362319114797
Mazandaran,610.0,99360,36.1,53.06,Polsefid,2012-11-01,MASA,83.18981891754262
Mazandaran,-20.0,40732,36.9,50.68,Ramsar,2012-11-01,MASA,268.7491810906231
Mazandaran,23.0,40759,36.54,53.0,Sari,2012-11-01,MASA,92.09372466686361
Mazandaran,16.7,40788,36.64,53.2,Sari (Dasht-E-Naz Airport),2012-11-01,MASA,96.10507255676382
Mazandaran,1855.4,40735,36.23,51.3,Siahbisheh,2012-11-01,MASA,93.15148359420888
Mazandaran,1805.0,99361,36.07,52.84,Alasht,2012-12-01,MASA,73.33694981016237
Mazandaran,23.7,99309,36.48,52.47,Amol,2012-12-01,MASA,120.49657689012605
Mazandaran,-21.0,40736,36.7,52.64,Babolsar,2012-12-01,MASA,83.7496577350052
Mazandaran,2120.0,99357,36.2,51.8,Baladeh,2012-12-01,MASA,46.48452089704591
Mazandaran,-20.0,99306,36.86,53.39,Bandar-E-Amirabad,2012-12-01,MASA,65.19453810133058
Mazandaran,-10.0,99299,36.74,53.84,Galugah,2012-12-01,MASA,75.8550374356659
Mazandaran,14.7,40737,36.49,52.11,Gharakhil,2012-12-01,MASA,137.0323507634552
Mazandaran,1294.3,40760,36.25,53.55,Kiyasar,2012-12-01,MASA,64.6093098966034
Mazandaran,1550.0,99348,36.39,51.73,Kojur,2012-12-01,MASA,59.25280438341218
Mazandaran,-20.9,40734,36.66,51.47,Nowshahr,2012-12-01,MASA,199.53595684446412
Mazandaran,610.0,99360,36.1,53.06,Polsefid,2012-12-01,MASA,68.91969428934175
Mazandaran,-20.0,40732,36.9,50.68,Ramsar,2012-12-01,MASA,228.8854478446396
Mazandaran,23.0,40759,36.54,53.0,Sari,2012-12-01,MASA,87.3194991198929
Mazandaran,16.7,40788,36.64,53.2,Sari (Dasht-E-Naz Airport),2012-12-01,MASA,78.26513634599763
Mazandaran,1855.4,40735,36.23,51.3,Siahbisheh,2012-12-01,MASA,52.79096053518373
Mazandaran,1805.0,99361,36.07,52.84,Alasht,2013-01-01,MASA,74.78095759724823
Mazandaran,23.7,99309,36.48,52.47,Amol,2013-01-01,MASA,103.80104352807251
Mazandaran,-21.0,40736,36.7,52.64,Babolsar,2013-01-01,MASA,85.52821149205414
Mazandaran,2120.0,99357,36.2,51.8,Baladeh,2013-01-01,MASA,69.11240686749665
Mazandaran,-20.0,99306,36.86,53.39,Bandar-E-Amirabad,2013-01-01,MASA,78.81599833344666
Mazandaran,-10.0,99299,36.74,53.84,Galugah,2013-01-01,MASA,65.47817756509033
Mazandaran,14.7,40737,36.49,52.11,Gharakhil,2013-01-01,MASA,117.63733794068543
Mazandaran,1294.3,40760,36.25,53.55,Kiyasar,2013-01-01,MASA,58.488802808277285
Mazandaran,1550.0,99348,36.39,51.73,Kojur,2013-01-01,MASA,77.55756546830384
Mazandaran,-20.9,40734,36.66,51.47,Nowshahr,2013-01-01,MASA,127.40287353371826
Mazandaran,610.0,99360,36.1,53.06,Polsefid,2013-01-01,MASA,80.90473880147186
Mazandaran,-20.0,40732,36.9,50.68,Ramsar,2013-01-01,MASA,90.18092026089874
Mazandaran,23.0,40759,36.54,53.0,Sari,2013-01-01,MASA,82.97954668378082
Mazandaran,16.7,40788,36.64,53.2,Sari (Dasht-E-Naz Airport),2013-01-01,MASA,72.92854954575745
Mazandaran,1855.4,40735,36.23,51.3,Siahbisheh,2013-01-01,MASA,85.03897656773773
Mazandaran,1805.0,99361,36.07,52.84,Alasht,2013-02-01,MASA,66.9963970846652
Mazandaran,23.7,99309,36.48,52.47,Amol,2013-02-01,MASA,82.98812956280699
Mazandaran,-21.0,40736,36.7,52.64,Babolsar,2013-02-01,MASA,61.241970962953474
Mazandaran,2120.0,99357,36.2,51.8,Baladeh,2013-02-01,MASA,41.2497386402606
Mazandaran,-20.0,99306,36.86,53.39,Bandar-E-Amirabad,2013-02-01,MASA,78.89312655396452
Mazandaran,-10.0,99299,36.74,53.84,Galugah,2013-02-01,MASA,88.66198510594359
Mazandaran,14.7,40737,36.49,52.11,Gharakhil,2013-02-01,MASA,89.16922063298216
Mazandaran,1294.3,40760,36.25,53.55,Kiyasar,2013-02-01,MASA,88.42006475396147
Mazandaran,1550.0,99348,36.39,51.73,Kojur,2013-02-01,MASA,50.344602770280744
Mazandaran,-20.9,40734,36.66,51.47,Nowshahr,2013-02-01,MASA,116.2236794895648
Mazandaran,610.0,99360,36.1,53.06,Polsefid,2013-02-01,MASA,70.19363493390074
Mazandaran,-20.0,40732,36.9,50.68,Ramsar,2013-02-01,MASA,99.26650077767363
Mazandaran,23.0,40759,36.54,53.0,Sari,2013-02-01,MASA,78.47957462735167
Mazandaran,16.7,40788,36.64,53.2,Sari (Dasht-E-Naz Airport),2013-02-01,MASA,82.74676055378904
Mazandaran,1855.4,40735,36.23,51.3,Siahbisheh,2013-02-01,MASA,46.91526443428984
Mazandaran,1805.0,99361,36.07,52.84,Alasht,2013-03-01,MASA,115.33126211893574
Mazandaran,23.7,99309,36.48,52.47,Amol,2013-03-01,MASA,88.37011433374897
Mazandaran,-21.0,40736,36.7,52.64,Babolsar,2013-03-01,MASA,57.94480419886128
Mazandaran,2120.0,99357,36.2,51.8,Baladeh,2013-03-01,MASA,103.37443626654164
Mazandaran,-20.0,99306,36.86,53.39,Bandar-E-Amirabad,2013-03-01,MASA,68.58839071524159
Mazandaran,-10.0,99299,36.74,53.84,Galugah,2013-03-01,MASA,91.3316903187038
Mazandaran,14.7,40737,36.49,52.11,Gharakhil,2013-03-01,MASA,144.5715574098827
Mazandaran,1294.3,40760,36.25,53.55,Kiyasar,2013-03-01,MASA,72.41095579397694
Mazandaran,1550.0,99348,36.39,51.73,Kojur,2013-03-01,MASA,139.77043307554737
Mazandaran,-20.9,40734,36.66,51.47,Nowshahr,2013-03-01,MASA,109.41849625837818
Mazandaran,610.0,99360,36.1,53.06,Polsefid,2013-03-01,MASA,105.60052073729054
Mazandaran,-20.0,40732,36.9,50.68,Ramsar,2013-03-01,MASA,153.46321440470234
Mazandaran,23.0,40759,36.54,53.0,Sari,2013-03-01,MASA,87.52915240061299
Mazandaran,16.7,40788,36.64,53.2,Sari (Dasht-E-Naz Airport),2013-03-01,MASA,78.66100943815724
Mazandaran,1855.4,40735,36.23,51.3,Siahbisheh,2013-03-01,MASA,108.20479667913929
Mazandaran,1805.0,99361,36.07,52.84,Alasht,2013-04-01,MASA,125.57981105434024
Mazandaran,23.7,99309,36.48,52.47,Amol,2013-04-01,MASA,73.88929219829166
Mazandaran,-21.0,40736,36.7,52.64,Babolsar,2013-04-01,MASA,33.00354571925723
Mazandaran,2120.0,99357,36.2,51.8,Baladeh,2013-04-01,MASA,81.11187012778842
Mazandaran,-20.0,99306,36.86,53.39,Bandar-E-Amirabad,2013-04-01,MASA,43.16506476985538
Mazandaran,-10.0,99299,36.74,53.84,Galugah,2013-04-01,MASA,90.24506004439914
Mazandaran,14.7,40737,36.49,52.11,Gharakhil,2013-04-01,MASA,122.56260903464877
Mazandaran,1294.3,40760,36.25,53.55,Kiyasar,2013-04-01,MASA,88.64148648368442
Mazandaran,1550.0,99348,36.39,51.73,Kojur,2013-04-01,MASA,123.42178018676364
Mazandaran,-20.9,40734,36.66,51.47,Nowshahr,2013-04-01,MASA,92.70735772239291
Mazandaran,610.0,99360,36.1,53.06,Polsefid,2013-04-01,MASA,127.73058505641544
Mazandaran,-20.0,40732,36.9,50.68,Ramsar,2013-04-01,MASA,124.09201951610171
Mazandaran,23.0,40759,36.54,53.0,Sari,2013-04-01,MASA,59.40628738986575
Mazandaran,16.7,40788,36.64,53.2,Sari (Dasht-E-Naz Airport),2013-04-01,MASA,49.92333741771304
Mazandaran,1855.4,40735,36.23,51.3,Siahbisheh,2013-04-01,MASA,77.10676582442844
Mazandaran,1805.0,99361,36.07,52.84,Alasht,2013-05-01,MASA,194.5219763225019
Mazandaran,23.7,99309,36.48,52.47,Amol,2013-05-01,MASA,51.968542546600105
Mazandaran,-21.0,40736,36.7,52.64,Babolsar,2013-05-01,MASA,25.709492773383857
Mazandaran,2120.0,99357,36.2,51.8,Baladeh,2013-05-01,MASA,186.817718357414
Mazandaran,-20.0,99306,36.86,53.39,Bandar-E-Amirabad,2013-05-01,MASA,30.770567864745857
Mazandaran,-10.0,99299,36.74,53.84,Galugah,2013-05-01,MASA,113.52942666468024
Mazandaran,14.7,40737,36.49,52.11,Gharakhil,2013-05-01,MASA,169.38160142359138
Mazandaran,1294.3,40760,36.25,53.55,Kiyasar,2013-05-01,MASA,111.36516711172462
Mazandaran,1550.0,99348,36.39,51.73,Kojur,2013-05-01,MASA,266.5565886205137
Mazandaran,-20.9,40734,36.66,51.47,Nowshahr,2013-05-01,MASA,57.08785137590766
Mazandaran,610.0,99360,36.1,53.06,Polsefid,2013-05-01,MASA,184.7130187457502
Mazandaran,-20.0,40732,36.9,50.68,Ramsar,2013-05-01,MASA,100.35571238455177
Mazandaran,23.0,40759,36.54,53.0,Sari,2013-05-01,MASA,53.55578443464637
Mazandaran,16.7,40788,36.64,53.2,Sari (Dasht-E-Naz Airport),2013-05-01,MASA,52.83142408785224
Mazandaran,1855.4,40735,36.23,51.3,Siahbisheh,2013-05-01,MASA,160.74925443586707
Mazandaran,1805.0,99361,36.07,52.84,Alasht,2013-06-01,MASA,65.87430275159534
Mazandaran,23.7,99309,36.48,52.47,Amol,2013-06-01,MASA,36.59611380773242
Mazandaran,-21.0,40736,36.7,52.64,Babolsar,2013-06-01,MASA,15.06436801629718
Mazandaran,2120.0,99357,36.2,51.8,Baladeh,2013-06-01,MASA,122.7809432812279
Mazandaran,-20.0,99306,36.86,53.39,Bandar-E-Amirabad,2013-06-01,MASA,16.08113384919818
Mazandaran,-10.0,99299,36.74,53.84,Galugah,2013-06-01,MASA,37.53069973664935
Mazandaran,14.7,40737,36.49,52.11,Gharakhil,2013-06-01,MASA,110.07035709100421
Mazandaran,1294.3,40760,36.25,53.55,Kiyasar,2013-06-01,MASA,57.571688658768494
Mazandaran,1550.0,99348,36.39,51.73,Kojur,2013-06-01,MASA,167.87155903058704
Mazandaran,-20.9,40734,36.66,51.47,Nowshahr,2013-06-01,MASA,55.97510374265369
Mazandaran,610.0,99360,36.1,53.06,Polsefid,2013-06-01,MASA,55.05699849801715
Mazandaran,-20.0,40732,36.9,50.68,Ramsar,2013-06-01,MASA,61.15649080949481
Mazandaran,23.0,40759,36.54,53.0,Sari,2013-06-01,MASA,41.434088713700135
Mazandaran,16.7,40788,36.64,53.2,Sari (Dasht-E-Naz Airport),2013-06-01,MASA,28.59237230497058
Mazandaran,1855.4,40735,36.23,51.3,Siahbisheh,2013-06-01,MASA,124.96217525678333
Mazandaran,1805.0,99361,36.07,52.84,Alasht,2013-07-01,MASA,55.65749170515488
Mazandaran,23.7,99309,36.48,52.47,Amol,2013-07-01,MASA,47.54111232492875
Mazandaran,-21.0,40736,36.7,52.64,Babolsar,2013-07-01,MASA,17.154262087082373
Mazandaran,2120.0,99357,36.2,51.8,Baladeh,2013-07-01,MASA,61.92135872576188
Mazandaran,-20.0,99306,36.86,53.39,Bandar-E-Amirabad,2013-07-01,MASA,33.287764212822424
Mazandaran,-10.0,99299,36.74,53.84,Galugah,2013-07-01,MASA,44.88551678392838
Mazandaran,14.7,40737,36.49,52.11,Gharakhil,2013-07-01,MASA,63.778430840706335
Mazandaran,1294.3,40760,36.25,53.55,Kiyasar,2013-07-01,MASA,46.163589379524694
Mazandaran,1550.0,99348,36.39,51.73,Kojur,2013-07-01,MASA,97.72111537191819
Mazandaran,-20.9,40734,36.66,51.47,Nowshahr,2013-07-01,MASA,54.800764343475805
Mazandaran,610.0,99360,36.1,53.06,Polsefid,2013-07-01,MASA,51.970527193283544
Mazandaran,-20.0,40732,36.9,50.68,Ramsar,2013-07-01,MASA,74.6936357233281
Mazandaran,23.0,40759,36.54,53.0,Sari,2013-07-01,MASA,44.37084557745408
Mazandaran,16.7,40788,36.64,53.2,Sari (Dasht-E-Naz Airport),2013-07-01,MASA,27.498767397140966
Mazandaran,1855.4,40735,36.23,51.3,Siahbisheh,2013-07-01,MASA,51.963866374229895
Mazandaran,1805.0,99361,36.07,52.84,Alasht,2013-08-01,MASA,97.8628798125527
Mazandaran,23.7,99309,36.48,52.47,Amol,2013-08-01,MASA,76.43393713219382
Mazandaran,-21.0,40736,36.7,52.64,Babolsar,2013-08-01,MASA,31.47887724621512
Mazandaran,2120.0,99357,36.2,51.8,Baladeh,2013-08-01,MASA,155.45020538552023
Mazandaran,-20.0,99306,36.86,53.39,Bandar-E-Amirabad,2013-08-01,MASA,30.201043069197908
Mazandaran,-10.0,99299,36.74,53.84,Galugah,2013-08-01,MASA,55.29675918801047
Mazandaran,14.7,40737,36.49,52.11,Gharakhil,2013-08-01,MASA,158.89672476036765
Mazandaran,1294.3,40760,36.25,53.55,Kiyasar,2013-08-01,MASA,76.76173287613608
Mazandaran,1550.0,99348,36.39,51.73,Kojur,2013-08-01,MASA,209.26773089153983
Mazandaran,-20.9,40734,36.66,51.47,Nowshahr,2013-08-01,MASA,105.47878879292227
Mazandaran,610.0,99360,36.1,53.06,Polsefid,2013-08-01,MASA,91.8531222937844
Mazandaran,-20.0,40732,36.9,50.68,Ramsar,2013-08-01,MASA,110.34498649819113
Mazandaran,23.0,40759,36.54,53.0,Sari,2013-08-01,MASA,60.00138360245444
Mazandaran,16.7,40788,36.64,53.2,Sari (Dasht-E-Naz Airport),2013-08-01,MASA,40.04869896157004
Mazandaran,1855.4,40735,36.23,51.3,Siahbisheh,2013-08-01,MASA,125.02604264004447
Mazandaran,1805.0,99361,36.07,52.84,Alasht,2013-09-01,MASA,223.00388715864017
Mazandaran,23.7,99309,36.48,52.47,Amol,2013-09-01,MASA,156.96924231649234
Mazandaran,-21.0,40736,36.7,52.64,Babolsar,2013-09-01,MASA,78.21673951745822
Mazandaran,2120.0,99357,36.2,51.8,Baladeh,2013-09-01,MASA,132.95839033723666
Mazandaran,-20.0,99306,36.86,53.39,Bandar-E-Amirabad,2013-09-01,MASA,78.41529749036624
Mazandaran,-10.0,99299,36.74,53.84,Galugah,2013-09-01,MASA,146.3431497633536
Mazandaran,14.7,40737,36.49,52.11,Gharakhil,2013-09-01,MASA,314.9449904978354
Mazandaran,1294.3,40760,36.25,53.55,Kiyasar,2013-09-01,MASA,87.53155968786075
Mazandaran,1550.0,99348,36.39,51.73,Kojur,2013-09-01,MASA,288.98363612294986
Mazandaran,-20.9,40734,36.66,51.47,Nowshahr,2013-09-01,MASA,174.60043035150363
Mazandaran,610.0,99360,36.1,53.06,Polsefid,2013-09-01,MASA,189.70557354093387
Mazandaran,-20.0,40732,36.9,50.68,Ramsar,2013-09-01,MASA,265.5848344385703
Mazandaran,23.0,40759,36.54,53.0,Sari,2013-09-01,MASA,146.95850811601474
Mazandaran,16.7,40788,36.64,53.2,Sari (Dasht-E-Naz Airport),2013-09-01,MASA,120.59588037134006
Mazandaran,1855.4,40735,36.23,51.3,Siahbisheh,2013-09-01,MASA,57.051651698358796
Mazandaran,1805.0,99361,36.07,52.84,Alasht,2013-10-01,MASA,125.99272429945785
Mazandaran,23.7,99309,36.48,52.47,Amol,2013-10-01,MASA,117.32820570471603
Mazandaran,-21.0,40736,36.7,52.64,Babolsar,2013-10-01,MASA,80.89975416663009
Mazandaran,2120.0,99357,36.2,51.8,Baladeh,2013-10-01,MASA,91.51706993582565
Mazandaran,-20.0,99306,36.86,53.39,Bandar-E-Amirabad,2013-10-01,MASA,115.32297134402114
Mazandaran,-10.0,99299,36.74,53.84,Galugah,2013-10-01,MASA,93.66005063059646
Mazandaran,14.7,40737,36.49,52.11,Gharakhil,2013-10-01,MASA,185.96831858160812
Mazandaran,1294.3,40760,36.25,53.55,Kiyasar,2013-10-01,MASA,96.51775062086898
Mazandaran,1550.0,99348,36.39,51.73,Kojur,2013-10-01,MASA,180.55958449843246
Mazandaran,-20.9,40734,36.66,51.47,Nowshahr,2013-10-01,MASA,161.4435851574214
Mazandaran,610.0,99360,36.1,53.06,Polsefid,2013-10-01,MASA,115.67483246329147
Mazandaran,-20.0,40732,36.9,50.68,Ramsar,2013-10-01,MASA,241.79095923903304
Mazandaran,23.0,40759,36.54,53.0,Sari,2013-10-01,MASA,114.03555572035629
Mazandaran,16.7,40788,36.64,53.2,Sari (Dasht-E-Naz Airport),2013-10-01,MASA,96.66731357577163
Mazandaran,1855.4,40735,36.23,51.3,Siahbisheh,2013-10-01,MASA,68.73051226141769
Mazandaran,1805.0,99361,36.07,52.84,Alasht,2013-11-01,MASA,145.84776361389373
Mazandaran,23.7,99309,36.48,52.47,Amol,2013-11-01,MASA,112.43272920055603
Mazandaran,-21.0,40736,36.7,52.64,Babolsar,2013-11-01,MASA,61.50190134449218
Mazandaran,2120.0,99357,36.2,51.8,Baladeh,2013-11-01,MASA,95.52941818638061
Mazandaran,-20.0,99306,36.86,53.39,Bandar-E-Amirabad,2013-11-01,MASA,65.38639564914916
Mazandaran,-10.0,99299,36.74,53.84,Galugah,2013-11-01,MASA,102.46891875667785
Mazandaran,14.7,40737,36.49,52.11,Gharakhil,2013-11-01,MASA,181.71295125885223
Mazandaran,1294.3,40760,36.25,53.55,Kiyasar,2013-11-01,MASA,77.63443489475463
Mazandaran,1550.0,99348,36.39,51.73,Kojur,2013-11-01,MASA,160.94497938556884
Mazandaran,-20.9,40734,36.66,51.47,Nowshahr,2013-11-01,MASA,202.06501682205413
Mazandaran,610.0,99360,36.1,53.06,Polsefid,2013-11-01,MASA,121.54586215419982
Mazandaran,-20.0,40732,36.9,50.68,Ramsar,2013-11-01,MASA,252.55916614933227
Mazandaran,23.0,40759,36.54,53.0,Sari,2013-11-01,MASA,80.76907296581481
Mazandaran,16.7,40788,36.64,53.2,Sari (Dasht-E-Naz Airport),2013-11-01,MASA,73.47476084633087
Mazandaran,1855.4,40735,36.23,51.3,Siahbisheh,2013-11-01,MASA,93.52686603470062
Mazandaran,1805.0,99361,36.07,52.84,Alasht,2013-12-01,MASA,86.85834716722596
Mazandaran,23.7,99309,36.48,52.47,Amol,2013-12-01,MASA,106.93216334745514
Mazandaran,-21.0,40736,36.7,52.64,Babolsar,2013-12-01,MASA,79.1394711630069
Mazandaran,2120.0,99357,36.2,51.8,Baladeh,2013-12-01,MASA,96.09024237558472
Mazandaran,-20.0,99306,36.86,53.39,Bandar-E-Amirabad,2013-12-01,MASA,105.34770797655213
Mazandaran,-10.0,99299,36.74,53.84,Galugah,2013-12-01,MASA,89.39558278486359
Mazandaran,14.7,40737,36.49,52.11,Gharakhil,2013-12-01,MASA,136.1712665455066
Mazandaran,1294.3,40760,36.25,53.55,Kiyasar,2013-12-01,MASA,69.73700236246216
Mazandaran,1550.0,99348,36.39,51.73,Kojur,2013-12-01,MASA,102.67421614095795
Mazandaran,-20.9,40734,36.66,51.47,Nowshahr,2013-12-01,MASA,159.023583044263
Mazandaran,610.0,99360,36.1,53.06,Polsefid,2013-12-01,MASA,76.84724043771851
Mazandaran,-20.0,40732,36.9,50.68,Ramsar,2013-12-01,MASA,209.1198713676654
Mazandaran,23.0,40759,36.54,53.0,Sari,2013-12-01,MASA,89.98395513460267
Mazandaran,16.7,40788,36.64,53.2,Sari (Dasht-E-Naz Airport),2013-12-01,MASA,96.16981457635987
Mazandaran,1855.4,40735,36.23,51.3,Siahbisheh,2013-12-01,MASA,116.0604209797107
Mazandaran,1805.0,99361,36.07,52.84,Alasht,2014-01-01,MASA,44.055175612527364
Mazandaran,23.7,99309,36.48,52.47,Amol,2014-01-01,MASA,56.21365887935781
Mazandaran,-21.0,40736,36.7,52.64,Babolsar,2014-01-01,MASA,29.573400149899953
Mazandaran,2120.0,99357,36.2,51.8,Baladeh,2014-01-01,MASA,30.988265405255788
Mazandaran,-20.0,99306,36.86,53.39,Bandar-E-Amirabad,2014-01-01,MASA,23.918707500058645
Mazandaran,-10.0,99299,36.74,53.84,Galugah,2014-01-01,MASA,27.179021964627736
Mazandaran,14.7,40737,36.49,52.11,Gharakhil,2014-01-01,MASA,66.29046482856893
Mazandaran,1294.3,40760,36.25,53.55,Kiyasar,2014-01-01,MASA,27.860586176473134
Mazandaran,1550.0,99348,36.39,51.73,Kojur,2014-01-01,MASA,41.23468382175588
Mazandaran,-20.9,40734,36.66,51.47,Nowshahr,2014-01-01,MASA,90.36217315014028
Mazandaran,610.0,99360,36.1,53.06,Polsefid,2014-01-01,MASA,40.14425409849309
Mazandaran,-20.0,40732,36.9,50.68,Ramsar,2014-01-01,MASA,133.79521353061818
Mazandaran,23.0,40759,36.54,53.0,Sari,2014-01-01,MASA,33.262681792336934
Mazandaran,16.7,40788,36.64,53.2,Sari (Dasht-E-Naz Airport),2014-01-01,MASA,31.00751770551824
Mazandaran,1855.4,40735,36.23,51.3,Siahbisheh,2014-01-01,MASA,32.132682035523885
Mazandaran,1805.0,99361,36.07,52.84,Alasht,2014-02-01,MASA,37.9541306382194
Mazandaran,23.7,99309,36.48,52.47,Amol,2014-02-01,MASA,41.73130677995829
Mazandaran,-21.0,40736,36.7,52.64,Babolsar,2014-02-01,MASA,26.68003128824381
Mazandaran,2120.0,99357,36.2,51.8,Baladeh,2014-02-01,MASA,29.041328895665686
Mazandaran,-20.0,99306,36.86,53.39,Bandar-E-Amirabad,2014-02-01,MASA,25.6923525219932
Mazandaran,-10.0,99299,36.74,53.84,Galugah,2014-02-01,MASA,24.19033037481455
Mazandaran,14.7,40737,36.49,52.11,Gharakhil,2014-02-01,MASA,60.305499899961035
Mazandaran,1294.3,40760,36.25,53.55,Kiyasar,2014-02-01,MASA,30.386650431729834
Mazandaran,1550.0,99348,36.39,51.73,Kojur,2014-02-01,MASA,48.69676517305521
Mazandaran,-20.9,40734,36.66,51.47,Nowshahr,2014-02-01,MASA,85.50422774610666
Mazandaran,610.0,99360,36.1,53.06,Polsefid,2014-02-01,MASA,31.52810918150095
Mazandaran,-20.0,40732,36.9,50.68,Ramsar,2014-02-01,MASA,97.74031626043467
Mazandaran,23.0,40759,36.54,53.0,Sari,2014-02-01,MASA,24.867468941785376
Mazandaran,16.7,40788,36.64,53.2,Sari (Dasht-E-Naz Airport),2014-02-01,MASA,23.22011576948313
Mazandaran,1855.4,40735,36.23,51.3,Siahbisheh,2014-02-01,MASA,28.805249798871557
Mazandaran,1805.0,99361,36.07,52.84,Alasht,2014-03-01,MASA,98.7187441238575
Mazandaran,23.7,99309,36.48,52.47,Amol,2014-03-01,MASA,92.35717018930245
Mazandaran,-21.0,40736,36.7,52.64,Babolsar,2014-03-01,MASA,60.37918886033822
Mazandaran,2120.0,99357,36.2,51.8,Baladeh,2014-03-01,MASA,83.40724965421487
Mazandaran,-20.0,99306,36.86,53.39,Bandar-E-Amirabad,2014-03-01,MASA,78.5250928053074
Mazandaran,-10.0,99299,36.74,53.84,Galugah,2014-03-01,MASA,99.38041528550912
Mazandaran,14.7,40737,36.49,52.11,Gharakhil,2014-03-01,MASA,122.9533519396
Mazandaran,1294.3,40760,36.25,53.55,Kiyasar,2014-03-01,MASA,94.38317676870156
Mazandaran,1550.0,99348,36.39,51.73,Kojur,2014-03-01,MASA,110.30058225480843
Mazandaran,-20.9,40734,36.66,51.47,Nowshahr,2014-03-01,MASA,126.60362979261208
Mazandaran,610.0,99360,36.1,53.06,Polsefid,2014-03-01,MASA,93.87431701509286
Mazandaran,-20.0,40732,36.9,50.68,Ramsar,2014-03-01,MASA,136.60837372628976
Mazandaran,23.0,40759,36.54,53.0,Sari,2014-03-01,MASA,84.16433295099068
Mazandaran,16.7,40788,36.64,53.2,Sari (Dasht-E-Naz Airport),2014-03-01,MASA,81.46924933282662
Mazandaran,1855.4,40735,36.23,51.3,Siahbisheh,2014-03-01,MASA,94.91775592653084
Mazandaran,1805.0,99361,36.07,52.84,Alasht,2014-04-01,MASA,139.58262587679116
Mazandaran,23.7,99309,36.48,52.47,Amol,2014-04-01,MASA,41.59062291277138
Mazandaran,-21.0,40736,36.7,52.64,Babolsar,2014-04-01,MASA,16.765601288206256
Mazandaran,2120.0,99357,36.2,51.8,Baladeh,2014-04-01,MASA,81.34389604223458
Mazandaran,-20.0,99306,36.86,53.39,Bandar-E-Amirabad,2014-04-01,MASA,21.67623425615517
Mazandaran,-10.0,99299,36.74,53.84,Galugah,2014-04-01,MASA,47.6831861842939
Mazandaran,14.7,40737,36.49,52.11,Gharakhil,2014-04-01,MASA,117.43912781370369
Mazandaran,1294.3,40760,36.25,53.55,Kiyasar,2014-04-01,MASA,70.98198617590157
Mazandaran,1550.0,99348,36.39,51.73,Kojur,2014-04-01,MASA,101.22889960897652
Mazandaran,-20.9,40734,36.66,51.47,Nowshahr,2014-04-01,MASA,74.25246323240486
Mazandaran,610.0,99360,36.1,53.06,Polsefid,2014-04-01,MASA,119.50779641760079
Mazandaran,-20.0,40732,36.9,50.68,Ramsar,2014-04-01,MASA,84.37446440351692
Mazandaran,23.0,40759,36.54,53.0,Sari,2014-04-01,MASA,39.1428687681028
Mazandaran,16.7,40788,36.64,53.2,Sari (Dasht-E-Naz Airport),2014-04-01,MASA,31.975276123411334
Mazandaran,1855.4,40735,36.23,51.3,Siahbisheh,2014-04-01,MASA,89.67336202753273
Mazandaran,1805.0,99361,36.07,52.84,Alasht,2014-05-01,MASA,163.12253571570778
Mazandaran,23.7,99309,36.48,52.47,Amol,2014-05-01,MASA,58.893204699167256
Mazandaran,-21.0,40736,36.7,52.64,Babolsar,2014-05-01,MASA,38.994536767610555
Mazandaran,2120.0,99357,36.2,51.8,Baladeh,2014-05-01,MASA,133.87511766971016
Mazandaran,-20.0,99306,36.86,53.39,Bandar-E-Amirabad,2014-05-01,MASA,31.818882594713216
Mazandaran,-10.0,99299,36.74,53.84,Galugah,2014-05-01,MASA,62.19527221740151
Mazandaran,14.7,40737,36.49,52.11,Gharakhil,2014-05-01,MASA,150.8951345783558
Mazandaran,1294.3,40760,36.25,53.55,Kiyasar,2014-05-01,MASA,63.96634973109627
Mazandaran,1550.0,99348,36.39,51.73,Kojur,2014-05-01,MASA,195.20583845199013
Mazandaran,-20.9,40734,36.66,51.47,Nowshahr,2014-05-01,MASA,58.068723450311666
Mazandaran,610.0,99360,36.1,53.06,Polsefid,2014-05-01,MASA,136.94128490508461
Mazandaran,-20.0,40732,36.9,50.68,Ramsar,2014-05-01,MASA,82.94016219199563
Mazandaran,23.0,40759,36.54,53.0,Sari,2014-05-01,MASA,44.923589597352986
Mazandaran,16.7,40788,36.64,53.2,Sari (Dasht-E-Naz Airport),2014-05-01,MASA,45.5222884517994
Mazandaran,1855.4,40735,36.23,51.3,Siahbisheh,2014-05-01,MASA,105.02213336051369
Mazandaran,1805.0,99361,36.07,52.84,Alasht,2014-06-01,MASA,132.9422202734598
Mazandaran,23.7,99309,36.48,52.47,Amol,2014-06-01,MASA,89.48989779039707
Mazandaran,-21.0,40736,36.7,52.64,Babolsar,2014-06-01,MASA,39.98888105436649
Mazandaran,2120.0,99357,36.2,51.8,Baladeh,2014-06-01,MASA,147.2060439018854
Mazandaran,-20.0,99306,36.86,53.39,Bandar-E-Amirabad,2014-06-01,MASA,70.21467954202976
Mazandaran,-10.0,99299,36.74,53.84,Galugah,2014-06-01,MASA,97.73208767458286
Mazandaran,14.7,40737,36.49,52.11,Gharakhil,2014-06-01,MASA,149.23383862062778
Mazandaran,1294.3,40760,36.25,53.55,Kiyasar,2014-06-01,MASA,86.7359694866785
Mazandaran,1550.0,99348,36.39,51.73,Kojur,2014-06-01,MASA,223.66922170206394
Mazandaran,-20.9,40734,36.66,51.47,Nowshahr,2014-06-01,MASA,98.46564203783359
Mazandaran,610.0,99360,36.1,53.06,Polsefid,2014-06-01,MASA,100.03248423620548
Mazandaran,-20.0,40732,36.9,50.68,Ramsar,2014-06-01,MASA,133.8592079310068
Mazandaran,23.0,40759,36.54,53.0,Sari,2014-06-01,MASA,92.20807820841159
Mazandaran,16.7,40788,36.64,53.2,Sari (Dasht-E-Naz Airport),2014-06-01,MASA,86.79673642202701
Mazandaran,1855.4,40735,36.23,51.3,Siahbisheh,2014-06-01,MASA,129.3535438208231
Mazandaran,1805.0,99361,36.07,52.84,Alasht,2014-07-01,MASA,79.05577192298452
Mazandaran,23.7,99309,36.48,52.47,Amol,2014-07-01,MASA,58.55752596847097
Mazandaran,-21.0,40736,36.7,52.64,Babolsar,2014-07-01,MASA,17.876193618693748
Mazandaran,2120.0,99357,36.2,51.8,Baladeh,2014-07-01,MASA,141.95960829249898
Mazandaran,-20.0,99306,36.86,53.39,Bandar-E-Amirabad,2014-07-01,MASA,15.708268380084434
Mazandaran,-10.0,99299,36.74,53.84,Galugah,2014-07-01,MASA,20.350516533770957
Mazandaran,14.7,40737,36.49,52.11,Gharakhil,2014-07-01,MASA,149.69518849841634
Mazandaran,1294.3,40760,36.25,53.55,Kiyasar,2014-07-01,MASA,40.299714302935996
Mazandaran,1550.0,99348,36.39,51.73,Kojur,2014-07-01,MASA,179.04891142837087
Mazandaran,-20.9,40734,36.66,51.47,Nowshahr,2014-07-01,MASA,102.15164790145437
Mazandaran,610.0,99360,36.1,53.06,Polsefid,2014-07-01,MASA,49.93754694453756
Mazandaran,-20.0,40732,36.9,50.68,Ramsar,2014-07-01,MASA,94.23011610499898
Mazandaran,23.0,40759,36.54,53.0,Sari,2014-07-01,MASA,28.78178725234548
Mazandaran,16.7,40788,36.64,53.2,Sari (Dasht-E-Naz Airport),2014-07-01,MASA,21.74264261714498
Mazandaran,1855.4,40735,36.23,51.3,Siahbisheh,2014-07-01,MASA,129.35593793384115
Mazandaran,1805.0,99361,36.07,52.84,Alasht,2014-08-01,MASA,23.682827326815925
Mazandaran,23.7,99309,36.48,52.47,Amol,2014-08-01,MASA,19.165421101611457
Mazandaran,-21.0,40736,36.7,52.64,Babolsar,2014-08-01,MASA,4.8491304846223215
Mazandaran,2120.0,99357,36.2,51.8,Baladeh,2014-08-01,MASA,46.22309860901197
Mazandaran,-20.0,99306,36.86,53.39,Bandar-E-Amirabad,2014-08-01,MASA,1.862282130282722
Mazandaran,-10.0,99299,36.74,53.84,Galugah,2014-08-01,MASA,7.410297367137275
Mazandaran,14.7,40737,36.49,52.11,Gharakhil,2014-08-01,MASA,30.75150606350263
Mazandaran,1294.3,40760,36.25,53.55,Kiyasar,2014-08-01,MASA,16.701081964534126
Mazandaran,1550.0,99348,36.39,51.73,Kojur,2014-08-01,MASA,54.63708398060163
Mazandaran,-20.9,40734,36.66,51.47,Nowshahr,2014-08-01,MASA,30.9051370354112
Mazandaran,610.0,99360,36.1,53.06,Polsefid,2014-08-01,MASA,15.75892624573072
Mazandaran,-20.0,40732,36.9,50.68,Ramsar,2014-08-01,MASA,23.69264719204267
Mazandaran,23.0,40759,36.54,53.0,Sari,2014-08-01,MASA,19.58694514946302
Mazandaran,16.7,40788,36.64,53.2,Sari (Dasht-E-Naz Airport),2014-08-01,MASA,9.598473283809028
Mazandaran,1855.4,40735,36.23,51.3,Siahbisheh,2014-08-01,MASA,40.34962711052259
Mazandaran,1805.0,99361,36.07,52.84,Alasht,2014-09-01,MASA,220.6034788853799
Mazandaran,23.7,99309,36.48,52.47,Amol,2014-09-01,MASA,97.88170251914607
Mazandaran,-21.0,40736,36.7,52.64,Babolsar,2014-09-01,MASA,34.308669901577105
Mazandaran,2120.0,99357,36.2,51.8,Baladeh,2014-09-01,MASA,96.71400282451259
Mazandaran,-20.0,99306,36.86,53.39,Bandar-E-Amirabad,2014-09-01,MASA,19.292367435184588
Mazandaran,-10.0,99299,36.74,53.84,Galugah,2014-09-01,MASA,49.332571960178484
Mazandaran,14.7,40737,36.49,52.11,Gharakhil,2014-09-01,MASA,198.4000036484872
Mazandaran,1294.3,40760,36.25,53.55,Kiyasar,2014-09-01,MASA,45.19578609534847
Mazandaran,1550.0,99348,36.39,51.73,Kojur,2014-09-01,MASA,208.61848983832942
Mazandaran,-20.9,40734,36.66,51.47,Nowshahr,2014-09-01,MASA,129.05587050983058
Mazandaran,610.0,99360,36.1,53.06,Polsefid,2014-09-01,MASA,119.09247729846584
Mazandaran,-20.0,40732,36.9,50.68,Ramsar,2014-09-01,MASA,166.73445496627437
Mazandaran,23.0,40759,36.54,53.0,Sari,2014-09-01,MASA,61.03789601394283
Mazandaran,16.7,40788,36.64,53.2,Sari (Dasht-E-Naz Airport),2014-09-01,MASA,40.96640441485988
Mazandaran,1855.4,40735,36.23,51.3,Siahbisheh,2014-09-01,MASA,65.31196627685176
Mazandaran,1805.0,99361,36.07,52.84,Alasht,2014-10-01,MASA,135.92732878025515
Mazandaran,23.7,99309,36.48,52.47,Amol,2014-10-01,MASA,140.95276029404147
Mazandaran,-21.0,40736,36.7,52.64,Babolsar,2014-10-01,MASA,81.75379963215335
Mazandaran,2120.0,99357,36.2,51.8,Baladeh,2014-10-01,MASA,107.23669262226565
Mazandaran,-20.0,99306,36.86,53.39,Bandar-E-Amirabad,2014-10-01,MASA,67.18083651360018
Mazandaran,-10.0,99299,36.74,53.84,Galugah,2014-10-01,MASA,90.57050378616793
Mazandaran,14.7,40737,36.49,52.11,Gharakhil,2014-10-01,MASA,236.2840566187714
Mazandaran,1294.3,40760,36.25,53.55,Kiyasar,2014-10-01,MASA,67.45415361221774
Mazandaran,1550.0,99348,36.39,51.73,Kojur,2014-10-01,MASA,181.7963215857361
Mazandaran,-20.9,40734,36.66,51.47,Nowshahr,2014-10-01,MASA,288.1154659539078
Mazandaran,610.0,99360,36.1,53.06,Polsefid,2014-10-01,MASA,119.53405471142275
Mazandaran,-20.0,40732,36.9,50.68,Ramsar,2014-10-01,MASA,433.585474207959
Mazandaran,23.0,40759,36.54,53.0,Sari,2014-10-01,MASA,100.47540993984683
Mazandaran,16.7,40788,36.64,53.2,Sari (Dasht-E-Naz Airport),2014-10-01,MASA,78.91173095997317
Mazandaran,1855.4,40735,36.23,51.3,Siahbisheh,2014-10-01,MASA,95.61982186134799
Mazandaran,1805.0,99361,36.07,52.84,Alasht,2014-11-01,MASA,108.39926132323541
Mazandaran,23.7,99309,36.48,52.47,Amol,2014-11-01,MASA,123.32936057212152
Mazandaran,-21.0,40736,36.7,52.64,Babolsar,2014-11-01,MASA,75.81006416442193
Mazandaran,2120.0,99357,36.2,51.8,Baladeh,2014-11-01,MASA,90.62101372840203
Mazandaran,-20.0,99306,36.86,53.39,Bandar-E-Amirabad,2014-11-01,MASA,79.72556778552331
Mazandaran,-10.0,99299,36.74,53.84,Galugah,2014-11-01,MASA,79.80008849265374
Mazandaran,14.7,40737,36.49,52.11,Gharakhil,2014-11-01,MASA,173.23762604357995
Mazandaran,1294.3,40760,36.25,53.55,Kiyasar,2014-11-01,MASA,73.59442540766992
Mazandaran,1550.0,99348,36.39,51.73,Kojur,2014-11-01,MASA,119.37255093219079
Mazandaran,-20.9,40734,36.66,51.47,Nowshahr,2014-11-01,MASA,257.5650257742623
Mazandaran,610.0,99360,36.1,53.06,Polsefid,2014-11-01,MASA,89.40181562068261
Mazandaran,-20.0,40732,36.9,50.68,Ramsar,2014-11-01,MASA,305.9705538428048
Mazandaran,23.0,40759,36.54,53.0,Sari,2014-11-01,MASA,85.49690672519006
Mazandaran,16.7,40788,36.64,53.2,Sari (Dasht-E-Naz Airport),2014-11-01,MASA,81.57584497096337
Mazandaran,1855.4,40735,36.23,51.3,Siahbisheh,2014-11-01,MASA,108.30885597827233
Mazandaran,1805.0,99361,36.07,52.84,Alasht,2014-12-01,MASA,42.32422582687789
Mazandaran,23.7,99309,36.48,52.47,Amol,2014-12-01,MASA,56.33689038338119
Mazandaran,-21.0,40736,36.7,52.64,Babolsar,2014-12-01,MASA,47.87279240669662
Mazandaran,2120.0,99357,36.2,51.8,Baladeh,2014-12-01,MASA,32.265673800129235
Mazandaran,-20.0,99306,36.86,53.39,Bandar-E-Amirabad,2014-12-01,MASA,46.171616240162194
Mazandaran,-10.0,99299,36.74,53.84,Galugah,2014-12-01,MASA,54.525654240269006
Mazandaran,14.7,40737,36.49,52.11,Gharakhil,2014-12-01,MASA,76.71150140346938
Mazandaran,1294.3,40760,36.25,53.55,Kiyasar,2014-12-01,MASA,40.33955506863052
Mazandaran,1550.0,99348,36.39,51.73,Kojur,2014-12-01,MASA,43.99022035183364
Mazandaran,-20.9,40734,36.66,51.47,Nowshahr,2014-12-01,MASA,116.11088685573989
Mazandaran,610.0,99360,36.1,53.06,Polsefid,2014-12-01,MASA,41.877116485256494
Mazandaran,-20.0,40732,36.9,50.68,Ramsar,2014-12-01,MASA,165.57885281624252
Mazandaran,23.0,40759,36.54,53.0,Sari,2014-12-01,MASA,44.63903181137496
Mazandaran,16.7,40788,36.64,53.2,Sari (Dasht-E-Naz Airport),2014-12-01,MASA,43.167616649288476
Mazandaran,1855.4,40735,36.23,51.3,Siahbisheh,2014-12-01,MASA,30.43169848503524
Mazandaran,1805.0,99361,36.07,52.84,Alasht,2015-01-01,MASA,65.66681643046834
Mazandaran,23.7,99309,36.48,52.47,Amol,2015-01-01,MASA,96.11048479594686
Mazandaran,-21.0,40736,36.7,52.64,Babolsar,2015-01-01,MASA,57.20447679080465
Mazandaran,2120.0,99357,36.2,51.8,Baladeh,2015-01-01,MASA,47.33141441859701
Mazandaran,-20.0,99306,36.86,53.39,Bandar-E-Amirabad,2015-01-01,MASA,44.877923326868796
Mazandaran,-10.0,99299,36.74,53.84,Galugah,2015-01-01,MASA,44.117651181597495
Mazandaran,14.7,40737,36.49,52.11,Gharakhil,2015-01-01,MASA,126.92473013915517
Mazandaran,1294.3,40760,36.25,53.55,Kiyasar,2015-01-01,MASA,37.57943888225057
Mazandaran,1550.0,99348,36.39,51.73,Kojur,2015-01-01,MASA,69.9534185699413
Mazandaran,-20.9,40734,36.66,51.47,Nowshahr,2015-01-01,MASA,174.0881421140621
Mazandaran,610.0,99360,36.1,53.06,Polsefid,2015-01-01,MASA,52.4847873023937
Mazandaran,-20.0,40732,36.9,50.68,Ramsar,2015-01-01,MASA,202.85131712474325
Mazandaran,23.0,40759,36.54,53.0,Sari,2015-01-01,MASA,51.330722170252585
Mazandaran,16.7,40788,36.64,53.2,Sari (Dasht-E-Naz Airport),2015-01-01,MASA,45.48994381942251
Mazandaran,1855.4,40735,36.23,51.3,Siahbisheh,2015-01-01,MASA,52.05979128398397
Mazandaran,1805.0,99361,36.07,52.84,Alasht,2015-02-01,MASA,84.12740908397609
Mazandaran,23.7,99309,36.48,52.47,Amol,2015-02-01,MASA,74.33962605728084
Mazandaran,-21.0,40736,36.7,52.64,Babolsar,2015-02-01,MASA,43.45863841308528
Mazandaran,2120.0,99357,36.2,51.8,Baladeh,2015-02-01,MASA,77.30030797256404
Mazandaran,-20.0,99306,36.86,53.39,Bandar-E-Amirabad,2015-02-01,MASA,69.44799206985408
Mazandaran,-10.0,99299,36.74,53.84,Galugah,2015-02-01,MASA,74.05324064029628
Mazandaran,14.7,40737,36.49,52.11,Gharakhil,2015-02-01,MASA,90.44225297702724
Mazandaran,1294.3,40760,36.25,53.55,Kiyasar,2015-02-01,MASA,85.84816537631923
Mazandaran,1550.0,99348,36.39,51.73,Kojur,2015-02-01,MASA,70.92088244689876
Mazandaran,-20.9,40734,36.66,51.47,Nowshahr,2015-02-01,MASA,106.08742914928371
Mazandaran,610.0,99360,36.1,53.06,Polsefid,2015-02-01,MASA,82.36373744739467
Mazandaran,-20.0,40732,36.9,50.68,Ramsar,2015-02-01,MASA,148.3923026157754
Mazandaran,23.0,40759,36.54,53.0,Sari,2015-02-01,MASA,71.77859328521663
Mazandaran,16.7,40788,36.64,53.2,Sari (Dasht-E-Naz Airport),2015-02-01,MASA,66.07875011695796
Mazandaran,1855.4,40735,36.23,51.3,Siahbisheh,2015-02-01,MASA,115.24809680713588
Mazandaran,1805.0,99361,36.07,52.84,Alasht,2015-03-01,MASA,131.91826105499516
Mazandaran,23.7,99309,36.48,52.47,Amol,2015-03-01,MASA,118.48131776237736
Mazandaran,-21.0,40736,36.7,52.64,Babolsar,2015-03-01,MASA,69.20074880504856
Mazandaran,2120.0,99357,36.2,51.8,Baladeh,2015-03-01,MASA,95.1272642650629
Mazandaran,-20.0,99306,36.86,53.39,Bandar-E-Amirabad,2015-03-01,MASA,74.25885856533299
Mazandaran,-10.0,99299,36.74,53.84,Galugah,2015-03-01,MASA,88.57215404892216
Mazandaran,14.7,40737,36.49,52.11,Gharakhil,2015-03-01,MASA,147.08010316276798
Mazandaran,1294.3,40760,36.25,53.55,Kiyasar,2015-03-01,MASA,88.61191034698734
Mazandaran,1550.0,99348,36.39,51.73,Kojur,2015-03-01,MASA,110.63205659771214
Mazandaran,-20.9,40734,36.66,51.47,Nowshahr,2015-03-01,MASA,128.971496824267
Mazandaran,610.0,99360,36.1,53.06,Polsefid,2015-03-01,MASA,119.97313261413822
Mazandaran,-20.0,40732,36.9,50.68,Ramsar,2015-03-01,MASA,145.26292145633946
Mazandaran,23.0,40759,36.54,53.0,Sari,2015-03-01,MASA,105.58893740558872
Mazandaran,16.7,40788,36.64,53.2,Sari (Dasht-E-Naz Airport),2015-03-01,MASA,87.67641544723759
Mazandaran,1855.4,40735,36.23,51.3,Siahbisheh,2015-03-01,MASA,133.47677350425968
Mazandaran,1805.0,99361,36.07,52.84,Alasht,2015-04-01,MASA,72.07495634992256
Mazandaran,23.7,99309,36.48,52.47,Amol,2015-04-01,MASA,49.85050027806892
Mazandaran,-21.0,40736,36.7,52.64,Babolsar,2015-04-01,MASA,23.845738820625684
Mazandaran,2120.0,99357,36.2,51.8,Baladeh,2015-04-01,MASA,64.76146643598213
Mazandaran,-20.0,99306,36.86,53.39,Bandar-E-Amirabad,2015-04-01,MASA,36.840505055977246
Mazandaran,-10.0,99299,36.74,53.84,Galugah,2015-04-01,MASA,36.26572256524696
Mazandaran,14.7,40737,36.49,52.11,Gharakhil,2015-04-01,MASA,74.90392690141334
Mazandaran,1294.3,40760,36.25,53.55,Kiyasar,2015-04-01,MASA,34.9645084663166
Mazandaran,1550.0,99348,36.39,51.73,Kojur,2015-04-01,MASA,69.73779862363472
Mazandaran,-20.9,40734,36.66,51.47,Nowshahr,2015-04-01,MASA,51.67720382650032
Mazandaran,610.0,99360,36.1,53.06,Polsefid,2015-04-01,MASA,58.3402431531681
Mazandaran,-20.0,40732,36.9,50.68,Ramsar,2015-04-01,MASA,63.22408383329048
Mazandaran,23.0,40759,36.54,53.0,Sari,2015-04-01,MASA,27.32448940713539
Mazandaran,16.7,40788,36.64,53.2,Sari (Dasht-E-Naz Airport),2015-04-01,MASA,23.802674464775464
Mazandaran,1855.4,40735,36.23,51.3,Siahbisheh,2015-04-01,MASA,67.10136597592964
Mazandaran,1805.0,99361,36.07,52.84,Alasht,2015-05-01,MASA,117.24440432008265
Mazandaran,23.7,99309,36.48,52.47,Amol,2015-05-01,MASA,52.05423808511256
Mazandaran,-21.0,40736,36.7,52.64,Babolsar,2015-05-01,MASA,13.256531719527231
Mazandaran,2120.0,99357,36.2,51.8,Baladeh,2015-05-01,MASA,105.32119548734187
Mazandaran,-20.0,99306,36.86,53.39,Bandar-E-Amirabad,2015-05-01,MASA,8.471739057860361
Mazandaran,-10.0,99299,36.74,53.84,Galugah,2015-05-01,MASA,33.381682400069224
Mazandaran,14.7,40737,36.49,52.11,Gharakhil,2015-05-01,MASA,155.1158545058584
Mazandaran,1294.3,40760,36.25,53.55,Kiyasar,2015-05-01,MASA,56.99588036950587
Mazandaran,1550.0,99348,36.39,51.73,Kojur,2015-05-01,MASA,139.91214013513087
Mazandaran,-20.9,40734,36.66,51.47,Nowshahr,2015-05-01,MASA,42.710613970122324
Mazandaran,610.0,99360,36.1,53.06,Polsefid,2015-05-01,MASA,113.01268315728663
Mazandaran,-20.0,40732,36.9,50.68,Ramsar,2015-05-01,MASA,50.68625188287257
Mazandaran,23.0,40759,36.54,53.0,Sari,2015-05-01,MASA,31.8762031834936
Mazandaran,16.7,40788,36.64,53.2,Sari (Dasht-E-Naz Airport),2015-05-01,MASA,17.722186211905466
Mazandaran,1855.4,40735,36.23,51.3,Siahbisheh,2015-05-01,MASA,83.91862786229609
Mazandaran,1805.0,99361,36.07,52.84,Alasht,2015-06-01,MASA,96.09392473375422
Mazandaran,23.7,99309,36.48,52.47,Amol,2015-06-01,MASA,23.97662589227778
Mazandaran,-21.0,40736,36.7,52.64,Babolsar,2015-06-01,MASA,4.03896162187678
Mazandaran,2120.0,99357,36.2,51.8,Baladeh,2015-06-01,MASA,106.51537964021784
Mazandaran,-20.0,99306,36.86,53.39,Bandar-E-Amirabad,2015-06-01,MASA,3.2908041206560767
Mazandaran,-10.0,99299,36.74,53.84,Galugah,2015-06-01,MASA,26.90355667745692
Mazandaran,14.7,40737,36.49,52.11,Gharakhil,2015-06-01,MASA,40.56300410902125
Mazandaran,1294.3,40760,36.25,53.55,Kiyasar,2015-06-01,MASA,34.55646524107081
Mazandaran,1550.0,99348,36.39,51.73,Kojur,2015-06-01,MASA,167.45636055147273
Mazandaran,-20.9,40734,36.66,51.47,Nowshahr,2015-06-01,MASA,31.290205213185374
Mazandaran,610.0,99360,36.1,53.06,Polsefid,2015-06-01,MASA,47.38538155233485
Mazandaran,-20.0,40732,36.9,50.68,Ramsar,2015-06-01,MASA,43.60670039331538
Mazandaran,23.0,40759,36.54,53.0,Sari,2015-06-01,MASA,28.39736828481776
Mazandaran,16.7,40788,36.64,53.2,Sari (Dasht-E-Naz Airport),2015-06-01,MASA,17.475398275013987
Mazandaran,1855.4,40735,36.23,51.3,Siahbisheh,2015-06-01,MASA,90.0701601234637
Mazandaran,1805.0,99361,36.07,52.84,Alasht,2015-07-01,MASA,114.91281946154785
Mazandaran,23.7,99309,36.48,52.47,Amol,2015-07-01,MASA,169.61034794303131
Mazandaran,-21.0,40736,36.7,52.64,Babolsar,2015-07-01,MASA,90.90099890681458
Mazandaran,2120.0,99357,36.2,51.8,Baladeh,2015-07-01,MASA,144.66800947638703
Mazandaran,-20.0,99306,36.86,53.39,Bandar-E-Amirabad,2015-07-01,MASA,102.3234989211197
Mazandaran,-10.0,99299,36.74,53.84,Galugah,2015-07-01,MASA,149.2350812718506
Mazandaran,14.7,40737,36.49,52.11,Gharakhil,2015-07-01,MASA,175.6821389958496
Mazandaran,1294.3,40760,36.25,53.55,Kiyasar,2015-07-01,MASA,132.46823509188843
Mazandaran,1550.0,99348,36.39,51.73,Kojur,2015-07-01,MASA,194.91135735961151
Mazandaran,-20.9,40734,36.66,51.47,Nowshahr,2015-07-01,MASA,177.83575911971283
Mazandaran,610.0,99360,36.1,53.06,Polsefid,2015-07-01,MASA,114.20860548468781
Mazandaran,-20.0,40732,36.9,50.68,Ramsar,2015-07-01,MASA,145.92206140013886
Mazandaran,23.0,40759,36.54,53.0,Sari,2015-07-01,MASA,158.03874690982056
Mazandaran,16.7,40788,36.64,53.2,Sari (Dasht-E-Naz Airport),2015-07-01,MASA,133.97827406378937
Mazandaran,1855.4,40735,36.23,51.3,Siahbisheh,2015-07-01,MASA,105.4430421158905
Mazandaran,1805.0,99361,36.07,52.84,Alasht,2015-08-01,MASA,122.55885129264854
Mazandaran,23.7,99309,36.48,52.47,Amol,2015-08-01,MASA,127.65324538043998
Mazandaran,-21.0,40736,36.7,52.64,Babolsar,2015-08-01,MASA,56.89618413738273
Mazandaran,2120.0,99357,36.2,51.8,Baladeh,2015-08-01,MASA,118.12271600059532
Mazandaran,-20.0,99306,36.86,53.39,Bandar-E-Amirabad,2015-08-01,MASA,18.361140540161358
Mazandaran,-10.0,99299,36.74,53.84,Galugah,2015-08-01,MASA,22.767115881958233
Mazandaran,14.7,40737,36.49,52.11,Gharakhil,2015-08-01,MASA,202.94098978332542
Mazandaran,1294.3,40760,36.25,53.55,Kiyasar,2015-08-01,MASA,52.20847254089378
Mazandaran,1550.0,99348,36.39,51.73,Kojur,2015-08-01,MASA,209.8159534244921
Mazandaran,-20.9,40734,36.66,51.47,Nowshahr,2015-08-01,MASA,142.042477181473
Mazandaran,610.0,99360,36.1,53.06,Polsefid,2015-08-01,MASA,88.83887951663993
Mazandaran,-20.0,40732,36.9,50.68,Ramsar,2015-08-01,MASA,151.75545637897514
Mazandaran,23.0,40759,36.54,53.0,Sari,2015-08-01,MASA,75.4393083362963
Mazandaran,16.7,40788,36.64,53.2,Sari (Dasht-E-Naz Airport),2015-08-01,MASA,36.318783214607464
Mazandaran,1855.4,40735,36.23,51.3,Siahbisheh,2015-08-01,MASA,86.24993686965965
Mazandaran,1805.0,99361,36.07,52.84,Alasht,2015-09-01,MASA,163.32885292877464
Mazandaran,23.7,99309,36.48,52.47,Amol,2015-09-01,MASA,154.9613144766262
Mazandaran,-21.0,40736,36.7,52.64,Babolsar,2015-09-01,MASA,92.27439431061057
Mazandaran,2120.0,99357,36.2,51.8,Baladeh,2015-09-01,MASA,157.13780788292198
Mazandaran,-20.0,99306,36.86,53.39,Bandar-E-Amirabad,2015-09-01,MASA,42.80627933849601
Mazandaran,-10.0,99299,36.74,53.84,Galugah,2015-09-01,MASA,90.48448172916679
Mazandaran,14.7,40737,36.49,52.11,Gharakhil,2015-09-01,MASA,263.5256168018749
Mazandaran,1294.3,40760,36.25,53.55,Kiyasar,2015-09-01,MASA,71.91632357944755
Mazandaran,1550.0,99348,36.39,51.73,Kojur,2015-09-01,MASA,175.74390438904075
Mazandaran,-20.9,40734,36.66,51.47,Nowshahr,2015-09-01,MASA,219.07353071083335
Mazandaran,610.0,99360,36.1,53.06,Polsefid,2015-09-01,MASA,121.66572777141837
Mazandaran,-20.0,40732,36.9,50.68,Ramsar,2015-09-01,MASA,163.91496030201225
Mazandaran,23.0,40759,36.54,53.0,Sari,2015-09-01,MASA,136.96339396347312
Mazandaran,16.7,40788,36.64,53.2,Sari (Dasht-E-Naz Airport),2015-09-01,MASA,100.76363054622917
Mazandaran,1855.4,40735,36.23,51.3,Siahbisheh,2015-09-01,MASA,100.43662456383018
Mazandaran,1805.0,99361,36.07,52.84,Alasht,2015-10-01,MASA,187.64226186589994
Mazandaran,23.7,99309,36.48,52.47,Amol,2015-10-01,MASA,159.40506804303922
Mazandaran,-21.0,40736,36.7,52.64,Babolsar,2015-10-01,MASA,93.45546412782468
Mazandaran,2120.0,99357,36.2,51.8,Baladeh,2015-10-01,MASA,139.15979910211362
Mazandaran,-20.0,99306,36.86,53.39,Bandar-E-Amirabad,2015-10-01,MASA,73.48536002950468
Mazandaran,-10.0,99299,36.74,53.84,Galugah,2015-10-01,MASA,118.57174384908475
Mazandaran,14.7,40737,36.49,52.11,Gharakhil,2015-10-01,MASA,294.1737030776004
Mazandaran,1294.3,40760,36.25,53.55,Kiyasar,2015-10-01,MASA,89.35131180600919
Mazandaran,1550.0,99348,36.39,51.73,Kojur,2015-10-01,MASA,206.99229884462156
Mazandaran,-20.9,40734,36.66,51.47,Nowshahr,2015-10-01,MASA,291.4284174473743
Mazandaran,610.0,99360,36.1,53.06,Polsefid,2015-10-01,MASA,151.2150173218707
Mazandaran,-20.0,40732,36.9,50.68,Ramsar,2015-10-01,MASA,449.830845478342
Mazandaran,23.0,40759,36.54,53.0,Sari,2015-10-01,MASA,128.00768065767087
Mazandaran,16.7,40788,36.64,53.2,Sari (Dasht-E-Naz Airport),2015-10-01,MASA,88.62504411058225
Mazandaran,1855.4,40735,36.23,51.3,Siahbisheh,2015-10-01,MASA,128.4346436293582
Mazandaran,1805.0,99361,36.07,52.84,Alasht,2015-11-01,MASA,74.0472549610871
Mazandaran,23.7,99309,36.48,52.47,Amol,2015-11-01,MASA,77.13259999091804
Mazandaran,-21.0,40736,36.7,52.64,Babolsar,2015-11-01,MASA,34.788789790226815
Mazandaran,2120.0,99357,36.2,51.8,Baladeh,2015-11-01,MASA,68.05512551601112
Mazandaran,-20.0,99306,36.86,53.39,Bandar-E-Amirabad,2015-11-01,MASA,45.05317155654609
Mazandaran,-10.0,99299,36.74,53.84,Galugah,2015-11-01,MASA,49.976470511509774
Mazandaran,14.7,40737,36.49,52.11,Gharakhil,2015-11-01,MASA,110.29340569312751
Mazandaran,1294.3,40760,36.25,53.55,Kiyasar,2015-11-01,MASA,48.13651983077705
Mazandaran,1550.0,99348,36.39,51.73,Kojur,2015-11-01,MASA,83.71161166961372
Mazandaran,-20.9,40734,36.66,51.47,Nowshahr,2015-11-01,MASA,151.75128225619972
Mazandaran,610.0,99360,36.1,53.06,Polsefid,2015-11-01,MASA,64.02015928561866
Mazandaran,-20.0,40732,36.9,50.68,Ramsar,2015-11-01,MASA,188.3709454947251
Mazandaran,23.0,40759,36.54,53.0,Sari,2015-11-01,MASA,49.26871005828559
Mazandaran,16.7,40788,36.64,53.2,Sari (Dasht-E-Naz Airport),2015-11-01,MASA,40.58800880248725
Mazandaran,1855.4,40735,36.23,51.3,Siahbisheh,2015-11-01,MASA,84.67351142699897
Mazandaran,1805.0,99361,36.07,52.84,Alasht,2015-12-01,MASA,59.504360310558724
Mazandaran,23.7,99309,36.48,52.47,Amol,2015-12-01,MASA,53.95923589897578
Mazandaran,-21.0,40736,36.7,52.64,Babolsar,2015-12-01,MASA,41.06974636745875
Mazandaran,2120.0,99357,36.2,51.8,Baladeh,2015-12-01,MASA,63.81718849373286
Mazandaran,-20.0,99306,36.86,53.39,Bandar-E-Amirabad,2015-12-01,MASA,56.50842224789088
Mazandaran,-10.0,99299,36.74,53.84,Galugah,2015-12-01,MASA,53.714201204304146
Mazandaran,14.7,40737,36.49,52.11,Gharakhil,2015-12-01,MASA,72.99953734112208
Mazandaran,1294.3,40760,36.25,53.55,Kiyasar,2015-12-01,MASA,57.735547773365425
Mazandaran,1550.0,99348,36.39,51.73,Kojur,2015-12-01,MASA,70.4631510896725
Mazandaran,-20.9,40734,36.66,51.47,Nowshahr,2015-12-01,MASA,105.6874546928448
Mazandaran,610.0,99360,36.1,53.06,Polsefid,2015-12-01,MASA,54.011822096828865
Mazandaran,-20.0,40732,36.9,50.68,Ramsar,2015-12-01,MASA,124.32055210304682
Mazandaran,23.0,40759,36.54,53.0,Sari,2015-12-01,MASA,45.643732301716256
Mazandaran,16.7,40788,36.64,53.2,Sari (Dasht-E-Naz Airport),2015-12-01,MASA,45.41261529159968
Mazandaran,1855.4,40735,36.23,51.3,Siahbisheh,2015-12-01,MASA,75.45705174637263
Mazandaran,1805.0,99361,36.07,52.84,Alasht,2016-01-01,MASA,105.12531683220416
Mazandaran,23.7,99309,36.48,52.47,Amol,2016-01-01,MASA,115.97674474491626
Mazandaran,-21.0,40736,36.7,52.64,Babolsar,2016-01-01,MASA,66.50772080196887
Mazandaran,2120.0,99357,36.2,51.8,Baladeh,2016-01-01,MASA,62.05126032604724
Mazandaran,-20.0,99306,36.86,53.39,Bandar-E-Amirabad,2016-01-01,MASA,83.5245786644414
Mazandaran,-10.0,99299,36.74,53.84,Galugah,2016-01-01,MASA,100.19425437225848
Mazandaran,14.7,40737,36.49,52.11,Gharakhil,2016-01-01,MASA,143.67493376507312
Mazandaran,1294.3,40760,36.25,53.55,Kiyasar,2016-01-01,MASA,62.76267156376392
Mazandaran,1550.0,99348,36.39,51.73,Kojur,2016-01-01,MASA,69.1772042252019
Mazandaran,-20.9,40734,36.66,51.47,Nowshahr,2016-01-01,MASA,191.90787658466846
Mazandaran,610.0,99360,36.1,53.06,Polsefid,2016-01-01,MASA,99.97565433754474
Mazandaran,-20.0,40732,36.9,50.68,Ramsar,2016-01-01,MASA,166.87169060482532
Mazandaran,23.0,40759,36.54,53.0,Sari,2016-01-01,MASA,83.84972200169116
Mazandaran,16.7,40788,36.64,53.2,Sari (Dasht-E-Naz Airport),2016-01-01,MASA,79.92976293339282
Mazandaran,1855.4,40735,36.23,51.3,Siahbisheh,2016-01-01,MASA,82.66724035515338
Mazandaran,1805.0,99361,36.07,52.84,Alasht,2016-02-01,MASA,87.57994332720642
Mazandaran,23.7,99309,36.48,52.47,Amol,2016-02-01,MASA,98.95462551524048
Mazandaran,-21.0,40736,36.7,52.64,Babolsar,2016-02-01,MASA,74.7458861153305
Mazandaran,2120.0,99357,36.2,51.8,Baladeh,2016-02-01,MASA,57.53352501799469
Mazandaran,-20.0,99306,36.86,53.39,Bandar-E-Amirabad,2016-02-01,MASA,70.64258315970307
Mazandaran,-10.0,99299,36.74,53.84,Galugah,2016-02-01,MASA,80.49539485384827
Mazandaran,14.7,40737,36.49,52.11,Gharakhil,2016-02-01,MASA,99.0417824070633
Mazandaran,1294.3,40760,36.25,53.55,Kiyasar,2016-02-01,MASA,98.40735056807404
Mazandaran,1550.0,99348,36.39,51.73,Kojur,2016-02-01,MASA,66.43127658774262
Mazandaran,-20.9,40734,36.66,51.47,Nowshahr,2016-02-01,MASA,115.25408187319641
Mazandaran,610.0,99360,36.1,53.06,Polsefid,2016-02-01,MASA,90.74383237769013
Mazandaran,-20.0,40732,36.9,50.68,Ramsar,2016-02-01,MASA,118.43169489313965
Mazandaran,23.0,40759,36.54,53.0,Sari,2016-02-01,MASA,101.29440584589844
Mazandaran,16.7,40788,36.64,53.2,Sari (Dasht-E-Naz Airport),2016-02-01,MASA,97.36993172575836
Mazandaran,1855.4,40735,36.23,51.3,Siahbisheh,2016-02-01,MASA,59.77991977145081
Mazandaran,1805.0,99361,36.07,52.84,Alasht,2016-03-01,MASA,124.27905950339024
Mazandaran,23.7,99309,36.48,52.47,Amol,2016-03-01,MASA,100.16600045950597
Mazandaran,-21.0,40736,36.7,52.64,Babolsar,2016-03-01,MASA,60.96311661989873
Mazandaran,2120.0,99357,36.2,51.8,Baladeh,2016-03-01,MASA,94.2961350420255
Mazandaran,-20.0,99306,36.86,53.39,Bandar-E-Amirabad,2016-03-01,MASA,77.86261293680852
Mazandaran,-10.0,99299,36.74,53.84,Galugah,2016-03-01,MASA,94.10940859110539
Mazandaran,14.7,40737,36.49,52.11,Gharakhil,2016-03-01,MASA,153.65632626803105
Mazandaran,1294.3,40760,36.25,53.55,Kiyasar,2016-03-01,MASA,87.64164898188298
Mazandaran,1550.0,99348,36.39,51.73,Kojur,2016-03-01,MASA,124.32054433615392
Mazandaran,-20.9,40734,36.66,51.47,Nowshahr,2016-03-01,MASA,137.90292296202367
Mazandaran,610.0,99360,36.1,53.06,Polsefid,2016-03-01,MASA,111.14095899851506
Mazandaran,-20.0,40732,36.9,50.68,Ramsar,2016-03-01,MASA,183.16081914694493
Mazandaran,23.0,40759,36.54,53.0,Sari,2016-03-01,MASA,85.04360172541325
Mazandaran,16.7,40788,36.64,53.2,Sari (Dasht-E-Naz Airport),2016-03-01,MASA,74.37024268896764
Mazandaran,1855.4,40735,36.23,51.3,Siahbisheh,2016-03-01,MASA,140.87841663153355
Mazandaran,1805.0,99361,36.07,52.84,Alasht,2016-04-01,MASA,150.49463343227742
Mazandaran,23.7,99309,36.48,52.47,Amol,2016-04-01,MASA,84.79599487388967
Mazandaran,-21.0,40736,36.7,52.64,Babolsar,2016-04-01,MASA,57.51576852405904
Mazandaran,2120.0,99357,36.2,51.8,Baladeh,2016-04-01,MASA,96.18377518261312
Mazandaran,-20.0,99306,36.86,53.39,Bandar-E-Amirabad,2016-04-01,MASA,63.032223101505025
Mazandaran,-10.0,99299,36.74,53.84,Galugah,2016-04-01,MASA,134.9232031067693
Mazandaran,14.7,40737,36.49,52.11,Gharakhil,2016-04-01,MASA,127.31019985283254
Mazandaran,1294.3,40760,36.25,53.55,Kiyasar,2016-04-01,MASA,114.90839552486776
Mazandaran,1550.0,99348,36.39,51.73,Kojur,2016-04-01,MASA,130.3540898522222
Mazandaran,-20.9,40734,36.66,51.47,Nowshahr,2016-04-01,MASA,84.84841715896962
Mazandaran,610.0,99360,36.1,53.06,Polsefid,2016-04-01,MASA,133.7160749396169
Mazandaran,-20.0,40732,36.9,50.68,Ramsar,2016-04-01,MASA,96.78770434463857
Mazandaran,23.0,40759,36.54,53.0,Sari,2016-04-01,MASA,94.844682331928
Mazandaran,16.7,40788,36.64,53.2,Sari (Dasht-E-Naz Airport),2016-04-01,MASA,89.60765432918905
Mazandaran,1855.4,40735,36.23,51.3,Siahbisheh,2016-04-01,MASA,92.12723207081197
Mazandaran,1805.0,99361,36.07,52.84,Alasht,2016-05-01,MASA,172.77676664917863
Mazandaran,23.7,99309,36.48,52.47,Amol,2016-05-01,MASA,75.98590158551133
Mazandaran,-21.0,40736,36.7,52.64,Babolsar,2016-05-01,MASA,34.57758628456986
Mazandaran,2120.0,99357,36.2,51.8,Baladeh,2016-05-01,MASA,102.69241832821763
Mazandaran,-20.0,99306,36.86,53.39,Bandar-E-Amirabad,2016-05-01,MASA,37.02395462124741
Mazandaran,-10.0,99299,36.74,53.84,Galugah,2016-05-01,MASA,106.52417742340958
Mazandaran,14.7,40737,36.49,52.11,Gharakhil,2016-05-01,MASA,151.8269857081691
Mazandaran,1294.3,40760,36.25,53.55,Kiyasar,2016-05-01,MASA,84.04857718079484
Mazandaran,1550.0,99348,36.39,51.73,Kojur,2016-05-01,MASA,152.50869893162644
Mazandaran,-20.9,40734,36.66,51.47,Nowshahr,2016-05-01,MASA,48.64818655579484
Mazandaran,610.0,99360,36.1,53.06,Polsefid,2016-05-01,MASA,163.8843645962993
Mazandaran,-20.0,40732,36.9,50.68,Ramsar,2016-05-01,MASA,60.42069994538224
Mazandaran,23.0,40759,36.54,53.0,Sari,2016-05-01,MASA,79.46597837536729
Mazandaran,16.7,40788,36.64,53.2,Sari (Dasht-E-Naz Airport),2016-05-01,MASA,63.71300720303452
Mazandaran,1855.4,40735,36.23,51.3,Siahbisheh,2016-05-01,MASA,93.12542580693162
Mazandaran,1805.0,99361,36.07,52.84,Alasht,2016-06-01,MASA,95.3483257450145
Mazandaran,23.7,99309,36.48,52.47,Amol,2016-06-01,MASA,36.23625375404771
Mazandaran,-21.0,40736,36.7,52.64,Babolsar,2016-06-01,MASA,12.100306526569682
Mazandaran,2120.0,99357,36.2,51.8,Baladeh,2016-06-01,MASA,138.4350482381862
Mazandaran,-20.0,99306,36.86,53.39,Bandar-E-Amirabad,2016-06-01,MASA,24.073538557438212
Mazandaran,-10.0,99299,36.74,53.84,Galugah,2016-06-01,MASA,56.12189807072099
Mazandaran,14.7,40737,36.49,52.11,Gharakhil,2016-06-01,MASA,115.39029814377244
Mazandaran,1294.3,40760,36.25,53.55,Kiyasar,2016-06-01,MASA,81.2356594957393
Mazandaran,1550.0,99348,36.39,51.73,Kojur,2016-06-01,MASA,181.05374015942033
Mazandaran,-20.9,40734,36.66,51.47,Nowshahr,2016-06-01,MASA,67.90607906952317
Mazandaran,610.0,99360,36.1,53.06,Polsefid,2016-06-01,MASA,74.05037917271073
Mazandaran,-20.0,40732,36.9,50.68,Ramsar,2016-06-01,MASA,56.766507402805644
Mazandaran,23.0,40759,36.54,53.0,Sari,2016-06-01,MASA,50.93531049862321
Mazandaran,16.7,40788,36.64,53.2,Sari (Dasht-E-Naz Airport),2016-06-01,MASA,42.90714599266465
Mazandaran,1855.4,40735,36.23,51.3,Siahbisheh,2016-06-01,MASA,137.35495247021134
Mazandaran,1805.0,99361,36.07,52.84,Alasht,2016-07-01,MASA,122.45975639395468
Mazandaran,23.7,99309,36.48,52.47,Amol,2016-07-01,MASA,97.1674045520281
Mazandaran,-21.0,40736,36.7,52.64,Babolsar,2016-07-01,MASA,36.68283130697958
Mazandaran,2120.0,99357,36.2,51.8,Baladeh,2016-07-01,MASA,160.61075236372702
Mazandaran,-20.0,99306,36.86,53.39,Bandar-E-Amirabad,2016-07-01,MASA,53.31394280962698
Mazandaran,-10.0,99299,36.74,53.84,Galugah,2016-07-01,MASA,90.52798356585257
Mazandaran,14.7,40737,36.49,52.11,Gharakhil,2016-07-01,MASA,177.14581098131887
Mazandaran,1294.3,40760,36.25,53.55,Kiyasar,2016-07-01,MASA,119.56823076777212
Mazandaran,1550.0,99348,36.39,51.73,Kojur,2016-07-01,MASA,251.34937669806234
Mazandaran,-20.9,40734,36.66,51.47,Nowshahr,2016-07-01,MASA,153.10090984873526
Mazandaran,610.0,99360,36.1,53.06,Polsefid,2016-07-01,MASA,117.84033681921713
Mazandaran,-20.0,40732,36.9,50.68,Ramsar,2016-07-01,MASA,232.47295822672598
Mazandaran,23.0,40759,36.54,53.0,Sari,2016-07-01,MASA,117.69828404955618
Mazandaran,16.7,40788,36.64,53.2,Sari (Dasht-E-Naz Airport),2016-07-01,MASA,83.27140118651144
Mazandaran,1855.4,40735,36.23,51.3,Siahbisheh,2016-07-01,MASA,114.32218756251089
Mazandaran,1805.0,99361,36.07,52.84,Alasht,2016-08-01,MASA,22.76615925851644
Mazandaran,23.7,99309,36.48,52.47,Amol,2016-08-01,MASA,14.552728615434773
Mazandaran,-21.0,40736,36.7,52.64,Babolsar,2016-08-01,MASA,9.642140350969441
Mazandaran,2120.0,99357,36.2,51.8,Baladeh,2016-08-01,MASA,59.29713078561605
Mazandaran,-20.0,99306,36.86,53.39,Bandar-E-Amirabad,2016-08-01,MASA,5.118371329935201
Mazandaran,-10.0,99299,36.74,53.84,Galugah,2016-08-01,MASA,12.319730005891927
Mazandaran,14.7,40737,36.49,52.11,Gharakhil,2016-08-01,MASA,55.59893079820455
Mazandaran,1294.3,40760,36.25,53.55,Kiyasar,2016-08-01,MASA,17.70806439939321
Mazandaran,1550.0,99348,36.39,51.73,Kojur,2016-08-01,MASA,44.99365516725362
Mazandaran,-20.9,40734,36.66,51.47,Nowshahr,2016-08-01,MASA,35.119221888216146
Mazandaran,610.0,99360,36.1,53.06,Polsefid,2016-08-01,MASA,15.13305433812917
Mazandaran,-20.0,40732,36.9,50.68,Ramsar,2016-08-01,MASA,15.74534305158437
Mazandaran,23.0,40759,36.54,53.0,Sari,2016-08-01,MASA,18.096403561266072
Mazandaran,16.7,40788,36.64,53.2,Sari (Dasht-E-Naz Airport),2016-08-01,MASA,11.70307525220693
Mazandaran,1855.4,40735,36.23,51.3,Siahbisheh,2016-08-01,MASA,23.453639231355794
Mazandaran,1805.0,99361,36.07,52.84,Alasht,2016-09-01,MASA,296.293382329555
Mazandaran,23.7,99309,36.48,52.47,Amol,2016-09-01,MASA,280.4632231422381
Mazandaran,-21.0,40736,36.7,52.64,Babolsar,2016-09-01,MASA,186.03463916263152
Mazandaran,2120.0,99357,36.2,51.8,Baladeh,2016-09-01,MASA,200.25666503390838
Mazandaran,-20.0,99306,36.86,53.39,Bandar-E-Amirabad,2016-09-01,MASA,175.29049961051513
Mazandaran,-10.0,99299,36.74,53.84,Galugah,2016-09-01,MASA,265.07261840781734
Mazandaran,14.7,40737,36.49,52.11,Gharakhil,2016-09-01,MASA,438.3279725738482
Mazandaran,1294.3,40760,36.25,53.55,Kiyasar,2016-09-01,MASA,177.72293536147643
Mazandaran,1550.0,99348,36.39,51.73,Kojur,2016-09-01,MASA,436.28249017676876
Mazandaran,-20.9,40734,36.66,51.47,Nowshahr,2016-09-01,MASA,382.91575459918545
Mazandaran,610.0,99360,36.1,53.06,Polsefid,2016-09-01,MASA,256.36539308509396
Mazandaran,-20.0,40732,36.9,50.68,Ramsar,2016-09-01,MASA,384.27764622649715
Mazandaran,23.0,40759,36.54,53.0,Sari,2016-09-01,MASA,241.57712308845092
Mazandaran,16.7,40788,36.64,53.2,Sari (Dasht-E-Naz Airport),2016-09-01,MASA,236.74288837394286
Mazandaran,1855.4,40735,36.23,51.3,Siahbisheh,2016-09-01,MASA,139.79952482661773
Mazandaran,1805.0,99361,36.07,52.84,Alasht,2016-10-01,MASA,90.24754090566844
Mazandaran,23.7,99309,36.48,52.47,Amol,2016-10-01,MASA,80.21078927774639
Mazandaran,-21.0,40736,36.7,52.64,Babolsar,2016-10-01,MASA,56.743576362325854
Mazandaran,2120.0,99357,36.2,51.8,Baladeh,2016-10-01,MASA,69.84898371954174
Mazandaran,-20.0,99306,36.86,53.39,Bandar-E-Amirabad,2016-10-01,MASA,44.73519249220104
Mazandaran,-10.0,99299,36.74,53.84,Galugah,2016-10-01,MASA,43.54400856752605
Mazandaran,14.7,40737,36.49,52.11,Gharakhil,2016-10-01,MASA,149.22040624876232
Mazandaran,1294.3,40760,36.25,53.55,Kiyasar,2016-10-01,MASA,39.857327177717394
Mazandaran,1550.0,99348,36.39,51.73,Kojur,2016-10-01,MASA,130.4918370987913
Mazandaran,-20.9,40734,36.66,51.47,Nowshahr,2016-10-01,MASA,172.99622221250743
Mazandaran,610.0,99360,36.1,53.06,Polsefid,2016-10-01,MASA,75.22115035314769
Mazandaran,-20.0,40732,36.9,50.68,Ramsar,2016-10-01,MASA,335.7900522496244
Mazandaran,23.0,40759,36.54,53.0,Sari,2016-10-01,MASA,58.3504728819868
Mazandaran,16.7,40788,36.64,53.2,Sari (Dasht-E-Naz Airport),2016-10-01,MASA,46.94478137750835
Mazandaran,1855.4,40735,36.23,51.3,Siahbisheh,2016-10-01,MASA,56.692688896848864
Mazandaran,1805.0,99361,36.07,52.84,Alasht,2016-11-01,MASA,114.1427480148991
Mazandaran,23.7,99309,36.48,52.47,Amol,2016-11-01,MASA,133.04873039004406
Mazandaran,-21.0,40736,36.7,52.64,Babolsar,2016-11-01,MASA,106.08652462241253
Mazandaran,2120.0,99357,36.2,51.8,Baladeh,2016-11-01,MASA,68.63053371188244
Mazandaran,-20.0,99306,36.86,53.39,Bandar-E-Amirabad,2016-11-01,MASA,128.62739195105632
Mazandaran,-10.0,99299,36.74,53.84,Galugah,2016-11-01,MASA,128.9593004154881
Mazandaran,14.7,40737,36.49,52.11,Gharakhil,2016-11-01,MASA,160.4577474760731
Mazandaran,1294.3,40760,36.25,53.55,Kiyasar,2016-11-01,MASA,103.6684237885197
Mazandaran,1550.0,99348,36.39,51.73,Kojur,2016-11-01,MASA,112.59284843680462
Mazandaran,-20.9,40734,36.66,51.47,Nowshahr,2016-11-01,MASA,237.6783811020573
Mazandaran,610.0,99360,36.1,53.06,Polsefid,2016-11-01,MASA,102.30455030676922
Mazandaran,-20.0,40732,36.9,50.68,Ramsar,2016-11-01,MASA,252.48663355586132
Mazandaran,23.0,40759,36.54,53.0,Sari,2016-11-01,MASA,124.32144810435375
Mazandaran,16.7,40788,36.64,53.2,Sari (Dasht-E-Naz Airport),2016-11-01,MASA,126.36263896700939
Mazandaran,1855.4,40735,36.23,51.3,Siahbisheh,2016-11-01,MASA,80.5850349831303
Mazandaran,1805.0,99361,36.07,52.84,Alasht,2016-12-01,MASA,58.273315077901344
Mazandaran,23.7,99309,36.48,52.47,Amol,2016-12-01,MASA,87.97512913334415
Mazandaran,-21.0,40736,36.7,52.64,Babolsar,2016-12-01,MASA,53.48511005032108
Mazandaran,2120.0,99357,36.2,51.8,Baladeh,2016-12-01,MASA,91.64941275703953
Mazandaran,-20.0,99306,36.86,53.39,Bandar-E-Amirabad,2016-12-01,MASA,63.124224191785316
Mazandaran,-10.0,99299,36.74,53.84,Galugah,2016-12-01,MASA,47.09844256031559
Mazandaran,14.7,40737,36.49,52.11,Gharakhil,2016-12-01,MASA,104.25308311569736
Mazandaran,1294.3,40760,36.25,53.55,Kiyasar,2016-12-01,MASA,39.560034519315224
Mazandaran,1550.0,99348,36.39,51.73,Kojur,2016-12-01,MASA,74.7507211028342
Mazandaran,-20.9,40734,36.66,51.47,Nowshahr,2016-12-01,MASA,137.81133258926914
Mazandaran,610.0,99360,36.1,53.06,Polsefid,2016-12-01,MASA,46.894445663571815
Mazandaran,-20.0,40732,36.9,50.68,Ramsar,2016-12-01,MASA,231.8615313826804
Mazandaran,23.0,40759,36.54,53.0,Sari,2016-12-01,MASA,56.84883857357548
Mazandaran,16.7,40788,36.64,53.2,Sari (Dasht-E-Naz Airport),2016-12-01,MASA,48.818915730596046
Mazandaran,1855.4,40735,36.23,51.3,Siahbisheh,2016-12-01,MASA,137.52983475315617
Mazandaran,1805.0,99361,36.07,52.84,Alasht,2017-01-01,MASA,82.70200144443152
Mazandaran,23.7,99309,36.48,52.47,Amol,2017-01-01,MASA,92.682978026005
Mazandaran,-21.0,40736,36.7,52.64,Babolsar,2017-01-01,MASA,51.30470346603033
Mazandaran,2120.0,99357,36.2,51.8,Baladeh,2017-01-01,MASA,49.39351033362982
Mazandaran,-20.0,99306,36.86,53.39,Bandar-E-Amirabad,2017-01-01,MASA,65.10878156814215
Mazandaran,-10.0,99299,36.74,53.84,Galugah,2017-01-01,MASA,60.48454891833899
Mazandaran,14.7,40737,36.49,52.11,Gharakhil,2017-01-01,MASA,110.14837574157355
Mazandaran,1294.3,40760,36.25,53.55,Kiyasar,2017-01-01,MASA,50.418695322605345
Mazandaran,1550.0,99348,36.39,51.73,Kojur,2017-01-01,MASA,58.59189283046362
Mazandaran,-20.9,40734,36.66,51.47,Nowshahr,2017-01-01,MASA,132.778694740864
Mazandaran,610.0,99360,36.1,53.06,Polsefid,2017-01-01,MASA,76.3841624179804
Mazandaran,-20.0,40732,36.9,50.68,Ramsar,2017-01-01,MASA,198.07196211013434
Mazandaran,23.0,40759,36.54,53.0,Sari,2017-01-01,MASA,63.23241244945166
Mazandaran,16.7,40788,36.64,53.2,Sari (Dasht-E-Naz Airport),2017-01-01,MASA,58.49738966617224
Mazandaran,1855.4,40735,36.23,51.3,Siahbisheh,2017-01-01,MASA,63.87951027545569
Mazandaran,1805.0,99361,36.07,52.84,Alasht,2017-02-01,MASA,71.2264153196216
Mazandaran,23.7,99309,36.48,52.47,Amol,2017-02-01,MASA,82.22456006544832
Mazandaran,-21.0,40736,36.7,52.64,Babolsar,2017-02-01,MASA,50.79279570120576
Mazandaran,2120.0,99357,36.2,51.8,Baladeh,2017-02-01,MASA,64.96001510161165
Mazandaran,-20.0,99306,36.86,53.39,Bandar-E-Amirabad,2017-02-01,MASA,63.84512512224916
Mazandaran,-10.0,99299,36.74,53.84,Galugah,2017-02-01,MASA,71.439069791019
Mazandaran,14.7,40737,36.49,52.11,Gharakhil,2017-02-01,MASA,112.85638539332155
Mazandaran,1294.3,40760,36.25,53.55,Kiyasar,2017-02-01,MASA,59.89013342398408
Mazandaran,1550.0,99348,36.39,51.73,Kojur,2017-02-01,MASA,84.71581069964174
Mazandaran,-20.9,40734,36.66,51.47,Nowshahr,2017-02-01,MASA,133.73636929529908
Mazandaran,610.0,99360,36.1,53.06,Polsefid,2017-02-01,MASA,67.86407260435823
Mazandaran,-20.0,40732,36.9,50.68,Ramsar,2017-02-01,MASA,180.25274304884675
Mazandaran,23.0,40759,36.54,53.0,Sari,2017-02-01,MASA,65.47079710501436
Mazandaran,16.7,40788,36.64,53.2,Sari (Dasht-E-Naz Airport),2017-02-01,MASA,63.567933721721204
Mazandaran,1855.4,40735,36.23,51.3,Siahbisheh,2017-02-01,MASA,84.27114514845613
Mazandaran,1805.0,99361,36.07,52.84,Alasht,2017-03-01,MASA,97.25828618384824
Mazandaran,23.7,99309,36.48,52.47,Amol,2017-03-01,MASA,77.7843013463162
Mazandaran,-21.0,40736,36.7,52.64,Babolsar,2017-03-01,MASA,43.717072909846166
Mazandaran,2120.0,99357,36.2,51.8,Baladeh,2017-03-01,MASA,67.81615466453061
Mazandaran,-20.0,99306,36.86,53.39,Bandar-E-Amirabad,2017-03-01,MASA,45.9392085728787
Mazandaran,-10.0,99299,36.74,53.84,Galugah,2017-03-01,MASA,58.76059979773984
Mazandaran,14.7,40737,36.49,52.11,Gharakhil,2017-03-01,MASA,103.65744084693418
Mazandaran,1294.3,40760,36.25,53.55,Kiyasar,2017-03-01,MASA,68.61350089885221
Mazandaran,1550.0,99348,36.39,51.73,Kojur,2017-03-01,MASA,67.50878841258512
Mazandaran,-20.9,40734,36.66,51.47,Nowshahr,2017-03-01,MASA,80.53948134757505
Mazandaran,610.0,99360,36.1,53.06,Polsefid,2017-03-01,MASA,96.89828903056608
Mazandaran,-20.0,40732,36.9,50.68,Ramsar,2017-03-01,MASA,86.72455102778898
Mazandaran,23.0,40759,36.54,53.0,Sari,2017-03-01,MASA,54.49974686480985
Mazandaran,16.7,40788,36.64,53.2,Sari (Dasht-E-Naz Airport),2017-03-01,MASA,46.60025388576017
Mazandaran,1855.4,40735,36.23,51.3,Siahbisheh,2017-03-01,MASA,85.61977893687711
Mazandaran,1805.0,99361,36.07,52.84,Alasht,2017-04-01,MASA,87.28306094111815
Mazandaran,23.7,99309,36.48,52.47,Amol,2017-04-01,MASA,63.65938583316222
Mazandaran,-21.0,40736,36.7,52.64,Babolsar,2017-04-01,MASA,41.69343510569945
Mazandaran,2120.0,99357,36.2,51.8,Baladeh,2017-04-01,MASA,104.30695215167418
Mazandaran,-20.0,99306,36.86,53.39,Bandar-E-Amirabad,2017-04-01,MASA,63.78854909839049
Mazandaran,-10.0,99299,36.74,53.84,Galugah,2017-04-01,MASA,78.94201675357237
Mazandaran,14.7,40737,36.49,52.11,Gharakhil,2017-04-01,MASA,94.2743728488864
Mazandaran,1294.3,40760,36.25,53.55,Kiyasar,2017-04-01,MASA,73.37397435607329
Mazandaran,1550.0,99348,36.39,51.73,Kojur,2017-04-01,MASA,89.14102712573424
Mazandaran,-20.9,40734,36.66,51.47,Nowshahr,2017-04-01,MASA,87.43944862784758
Mazandaran,610.0,99360,36.1,53.06,Polsefid,2017-04-01,MASA,85.30156413020507
Mazandaran,-20.0,40732,36.9,50.68,Ramsar,2017-04-01,MASA,117.79780784549132
Mazandaran,23.0,40759,36.54,53.0,Sari,2017-04-01,MASA,60.31811335982695
Mazandaran,16.7,40788,36.64,53.2,Sari (Dasht-E-Naz Airport),2017-04-01,MASA,60.35503843726531
Mazandaran,1855.4,40735,36.23,51.3,Siahbisheh,2017-04-01,MASA,122.5525597661914
Mazandaran,1805.0,99361,36.07,52.84,Alasht,2017-05-01,MASA,68.63353535196381
Mazandaran,23.7,99309,36.48,52.47,Amol,2017-05-01,MASA,43.02062973043519
Mazandaran,-21.0,40736,36.7,52.64,Babolsar,2017-05-01,MASA,10.530793514462289
Mazandaran,2120.0,99357,36.2,51.8,Baladeh,2017-05-01,MASA,74.13033529779511
Mazandaran,-20.0,99306,36.86,53.39,Bandar-E-Amirabad,2017-05-01,MASA,14.628076400967416
Mazandaran,-10.0,99299,36.74,53.84,Galugah,2017-05-01,MASA,30.88098153135377
Mazandaran,14.7,40737,36.49,52.11,Gharakhil,2017-05-01,MASA,132.84269854089814
Mazandaran,1294.3,40760,36.25,53.55,Kiyasar,2017-05-01,MASA,43.11486467382508
Mazandaran,1550.0,99348,36.39,51.73,Kojur,2017-05-01,MASA,97.19815238973695
Mazandaran,-20.9,40734,36.66,51.47,Nowshahr,2017-05-01,MASA,49.89681526681977
Mazandaran,610.0,99360,36.1,53.06,Polsefid,2017-05-01,MASA,71.35682686826783
Mazandaran,-20.0,40732,36.9,50.68,Ramsar,2017-05-01,MASA,60.074055042477426
Mazandaran,23.0,40759,36.54,53.0,Sari,2017-05-01,MASA,34.1864912178238
Mazandaran,16.7,40788,36.64,53.2,Sari (Dasht-E-Naz Airport),2017-05-01,MASA,25.993788089962777
Mazandaran,1855.4,40735,36.23,51.3,Siahbisheh,2017-05-01,MASA,60.08804723283845
Mazandaran,1805.0,99361,36.07,52.84,Alasht,2017-06-01,MASA,74.93199457419308
Mazandaran,23.7,99309,36.48,52.47,Amol,2017-06-01,MASA,20.582139985684478
Mazandaran,-21.0,40736,36.7,52.64,Babolsar,2017-06-01,MASA,8.079827325467193
Mazandaran,2120.0,99357,36.2,51.8,Baladeh,2017-06-01,MASA,80.97828974020871
Mazandaran,-20.0,99306,36.86,53.39,Bandar-E-Amirabad,2017-06-01,MASA,6.652489798192107
Mazandaran,-10.0,99299,36.74,53.84,Galugah,2017-06-01,MASA,32.49938835394772
Mazandaran,14.7,40737,36.49,52.11,Gharakhil,2017-06-01,MASA,67.54280676138791
Mazandaran,1294.3,40760,36.25,53.55,Kiyasar,2017-06-01,MASA,34.435600535992705
Mazandaran,1550.0,99348,36.39,51.73,Kojur,2017-06-01,MASA,135.9993224312106
Mazandaran,-20.9,40734,36.66,51.47,Nowshahr,2017-06-01,MASA,61.6306518484393
Mazandaran,610.0,99360,36.1,53.06,Polsefid,2017-06-01,MASA,54.669991629246795
Mazandaran,-20.0,40732,36.9,50.68,Ramsar,2017-06-01,MASA,42.03128864062222
Mazandaran,23.0,40759,36.54,53.0,Sari,2017-06-01,MASA,25.032416479710662
Mazandaran,16.7,40788,36.64,53.2,Sari (Dasht-E-Naz Airport),2017-06-01,MASA,20.212427275303924
Mazandaran,1855.4,40735,36.23,51.3,Siahbisheh,2017-06-01,MASA,72.59245266211423
Mazandaran,1805.0,99361,36.07,52.84,Alasht,2017-07-01,MASA,70.65858956635296
Mazandaran,23.7,99309,36.48,52.47,Amol,2017-07-01,MASA,63.20817288220226
Mazandaran,-21.0,40736,36.7,52.64,Babolsar,2017-07-01,MASA,23.07410057843029
Mazandaran,2120.0,99357,36.2,51.8,Baladeh,2017-07-01,MASA,106.72939833462536
Mazandaran,-20.0,99306,36.86,53.39,Bandar-E-Amirabad,2017-07-01,MASA,15.165309274795646
Mazandaran,-10.0,99299,36.74,53.84,Galugah,2017-07-01,MASA,40.99407311737835
Mazandaran,14.7,40737,36.49,52.11,Gharakhil,2017-07-01,MASA,109.08999558747112
Mazandaran,1294.3,40760,36.25,53.55,Kiyasar,2017-07-01,MASA,73.78665622532665
Mazandaran,1550.0,99348,36.39,51.73,Kojur,2017-07-01,MASA,131.4359706288606
Mazandaran,-20.9,40734,36.66,51.47,Nowshahr,2017-07-01,MASA,92.80158098995983
Mazandaran,610.0,99360,36.1,53.06,Polsefid,2017-07-01,MASA,67.4643021470338
Mazandaran,-20.0,40732,36.9,50.68,Ramsar,2017-07-01,MASA,60.69138165772259
Mazandaran,23.0,40759,36.54,53.0,Sari,2017-07-01,MASA,67.59266074955761
Mazandaran,16.7,40788,36.64,53.2,Sari (Dasht-E-Naz Airport),2017-07-01,MASA,43.551574314239616
Mazandaran,1855.4,40735,36.23,51.3,Siahbisheh,2017-07-01,MASA,114.6054964906007
Mazandaran,1805.0,99361,36.07,52.84,Alasht,2017-08-01,MASA,15.943815775891323
Mazandaran,23.7,99309,36.48,52.47,Amol,2017-08-01,MASA,9.448772140522976
Mazandaran,-21.0,40736,36.7,52.64,Babolsar,2017-08-01,MASA,10.065009661694546
Mazandaran,2120.0,99357,36.2,51.8,Baladeh,2017-08-01,MASA,48.25412280180075
Mazandaran,-20.0,99306,36.86,53.39,Bandar-E-Amirabad,2017-08-01,MASA,6.560986705800076
Mazandaran,-10.0,99299,36.74,53.84,Galugah,2017-08-01,MASA,9.358828731556912
Mazandaran,14.7,40737,36.49,52.11,Gharakhil,2017-08-01,MASA,21.372338601132412
Mazandaran,1294.3,40760,36.25,53.55,Kiyasar,2017-08-01,MASA,25.164207287808438
Mazandaran,1550.0,99348,36.39,51.73,Kojur,2017-08-01,MASA,53.9346242628298
Mazandaran,-20.9,40734,36.66,51.47,Nowshahr,2017-08-01,MASA,38.45945543863394
Mazandaran,610.0,99360,36.1,53.06,Polsefid,2017-08-01,MASA,6.4636076173982815
Mazandaran,-20.0,40732,36.9,50.68,Ramsar,2017-08-01,MASA,25.048201747914334
Mazandaran,23.0,40759,36.54,53.0,Sari,2017-08-01,MASA,18.472587533970852
Mazandaran,16.7,40788,36.64,53.2,Sari (Dasht-E-Naz Airport),2017-08-01,MASA,18.579711981793423
Mazandaran,1855.4,40735,36.23,51.3,Siahbisheh,2017-08-01,MASA,37.546893425961514
Mazandaran,1805.0,99361,36.07,52.84,Alasht,2017-09-01,MASA,203.3206499928042
Mazandaran,23.7,99309,36.48,52.47,Amol,2017-09-01,MASA,130.9610284679934
Mazandaran,-21.0,40736,36.7,52.64,Babolsar,2017-09-01,MASA,95.01437617478814
Mazandaran,2120.0,99357,36.2,51.8,Baladeh,2017-09-01,MASA,78.73086405930962
Mazandaran,-20.0,99306,36.86,53.39,Bandar-E-Amirabad,2017-09-01,MASA,35.553766023497246
Mazandaran,-10.0,99299,36.74,53.84,Galugah,2017-09-01,MASA,57.112721335272454
Mazandaran,14.7,40737,36.49,52.11,Gharakhil,2017-09-01,MASA,186.18997706113305
Mazandaran,1294.3,40760,36.25,53.55,Kiyasar,2017-09-01,MASA,70.41759563622918
Mazandaran,1550.0,99348,36.39,51.73,Kojur,2017-09-01,MASA,140.6556643360659
Mazandaran,-20.9,40734,36.66,51.47,Nowshahr,2017-09-01,MASA,187.8302670830294
Mazandaran,610.0,99360,36.1,53.06,Polsefid,2017-09-01,MASA,119.23758460221734
Mazandaran,-20.0,40732,36.9,50.68,Ramsar,2017-09-01,MASA,223.03251696763482
Mazandaran,23.0,40759,36.54,53.0,Sari,2017-09-01,MASA,106.76251126466241
Mazandaran,16.7,40788,36.64,53.2,Sari (Dasht-E-Naz Airport),2017-09-01,MASA,76.98885871110406
Mazandaran,1855.4,40735,36.23,51.3,Siahbisheh,2017-09-01,MASA,48.27643705544915
Mazandaran,1805.0,99361,36.07,52.84,Alasht,2017-10-01,MASA,103.08041967213555
Mazandaran,23.7,99309,36.48,52.47,Amol,2017-10-01,MASA,141.99827410042687
Mazandaran,-21.0,40736,36.7,52.64,Babolsar,2017-10-01,MASA,85.68836547196312
Mazandaran,2120.0,99357,36.2,51.8,Baladeh,2017-10-01,MASA,124.42095376313134
Mazandaran,-20.0,99306,36.86,53.39,Bandar-E-Amirabad,2017-10-01,MASA,70.89382208645745
Mazandaran,-10.0,99299,36.74,53.84,Galugah,2017-10-01,MASA,99.93077613175316
Mazandaran,14.7,40737,36.49,52.11,Gharakhil,2017-10-01,MASA,241.03317953408165
Mazandaran,1294.3,40760,36.25,53.55,Kiyasar,2017-10-01,MASA,73.23537565529747
Mazandaran,1550.0,99348,36.39,51.73,Kojur,2017-10-01,MASA,204.0583769208233
Mazandaran,-20.9,40734,36.66,51.47,Nowshahr,2017-10-01,MASA,207.74063266575737
Mazandaran,610.0,99360,36.1,53.06,Polsefid,2017-10-01,MASA,92.03360773384972
Mazandaran,-20.0,40732,36.9,50.68,Ramsar,2017-10-01,MASA,329.71830464661525
Mazandaran,23.0,40759,36.54,53.0,Sari,2017-10-01,MASA,97.84544802964135
Mazandaran,16.7,40788,36.64,53.2,Sari (Dasht-E-Naz Airport),2017-10-01,MASA,85.38028396428032
Mazandaran,1855.4,40735,36.23,51.3,Siahbisheh,2017-10-01,MASA,106.47062755883141
Mazandaran,1805.0,99361,36.07,52.84,Alasht,2017-11-01,MASA,110.61761363540512
Mazandaran,23.7,99309,36.48,52.47,Amol,2017-11-01,MASA,146.16349919830185
Mazandaran,-21.0,40736,36.7,52.64,Babolsar,2017-11-01,MASA,100.41301532779556
Mazandaran,2120.0,99357,36.2,51.8,Baladeh,2017-11-01,MASA,54.10382731948715
Mazandaran,-20.0,99306,36.86,53.39,Bandar-E-Amirabad,2017-11-01,MASA,108.08572753463608
Mazandaran,-10.0,99299,36.74,53.84,Galugah,2017-11-01,MASA,104.53093632255417
Mazandaran,14.7,40737,36.49,52.11,Gharakhil,2017-11-01,MASA,176.46284981761795
Mazandaran,1294.3,40760,36.25,53.55,Kiyasar,2017-11-01,MASA,67.37147851978165
Mazandaran,1550.0,99348,36.39,51.73,Kojur,2017-11-01,MASA,99.24415334258896
Mazandaran,-20.9,40734,36.66,51.47,Nowshahr,2017-11-01,MASA,280.7388959745012
Mazandaran,610.0,99360,36.1,53.06,Polsefid,2017-11-01,MASA,93.33713933025223
Mazandaran,-20.0,40732,36.9,50.68,Ramsar,2017-11-01,MASA,225.63395484481674
Mazandaran,23.0,40759,36.54,53.0,Sari,2017-11-01,MASA,106.8676470140062
Mazandaran,16.7,40788,36.64,53.2,Sari (Dasht-E-Naz Airport),2017-11-01,MASA,92.17104896102768
Mazandaran,1855.4,40735,36.23,51.3,Siahbisheh,2017-11-01,MASA,51.09939559493881
Mazandaran,1805.0,99361,36.07,52.84,Alasht,2017-12-01,MASA,49.823935311717804
Mazandaran,23.7,99309,36.48,52.47,Amol,2017-12-01,MASA,66.62624625532132
Mazandaran,-21.0,40736,36.7,52.64,Babolsar,2017-12-01,MASA,49.34113768903714
Mazandaran,2120.0,99357,36.2,51.8,Baladeh,2017-12-01,MASA,42.37760154573422
Mazandaran,-20.0,99306,36.86,53.39,Bandar-E-Amirabad,2017-12-01,MASA,60.31813768712979
Mazandaran,-10.0,99299,36.74,53.84,Galugah,2017-12-01,MASA,52.88481263486844
Mazandaran,14.7,40737,36.49,52.11,Gharakhil,2017-12-01,MASA,76.80454401342374
Mazandaran,1294.3,40760,36.25,53.55,Kiyasar,2017-12-01,MASA,44.72770838109952
Mazandaran,1550.0,99348,36.39,51.73,Kojur,2017-12-01,MASA,51.12508980600339
Mazandaran,-20.9,40734,36.66,51.47,Nowshahr,2017-12-01,MASA,119.9744149860571
Mazandaran,610.0,99360,36.1,53.06,Polsefid,2017-12-01,MASA,39.40577356187802
Mazandaran,-20.0,40732,36.9,50.68,Ramsar,2017-12-01,MASA,105.07717279760342
Mazandaran,23.0,40759,36.54,53.0,Sari,2017-12-01,MASA,59.170331042690094
Mazandaran,16.7,40788,36.64,53.2,Sari (Dasht-E-Naz Airport),2017-12-01,MASA,56.151683610362824
Mazandaran,1855.4,40735,36.23,51.3,Siahbisheh,2017-12-01,MASA,36.03671042291623
Mazandaran,1805.0,99361,36.07,52.84,Alasht,2018-01-01,MASA,111.26535457280085
Mazandaran,23.7,99309,36.48,52.47,Amol,2018-01-01,MASA,145.80939036515161
Mazandaran,-21.0,40736,36.7,52.64,Babolsar,2018-01-01,MASA,108.10869258549616
Mazandaran,2120.0,99357,36.2,51.8,Baladeh,2018-01-01,MASA,69.48528510239527
Mazandaran,-20.0,99306,36.86,53.39,Bandar-E-Amirabad,2018-01-01,MASA,122.97972363140985
Mazandaran,-10.0,99299,36.74,53.84,Galugah,2018-01-01,MASA,107.09557753708765
Mazandaran,14.7,40737,36.49,52.11,Gharakhil,2018-01-01,MASA,151.54150944855616
Mazandaran,1294.3,40760,36.25,53.55,Kiyasar,2018-01-01,MASA,113.47044330742762
Mazandaran,1550.0,99348,36.39,51.73,Kojur,2018-01-01,MASA,88.22003823426172
Mazandaran,-20.9,40734,36.66,51.47,Nowshahr,2018-01-01,MASA,212.79782873299524
Mazandaran,610.0,99360,36.1,53.06,Polsefid,2018-01-01,MASA,111.04788702633783
Mazandaran,-20.0,40732,36.9,50.68,Ramsar,2018-01-01,MASA,212.3467258801739
Mazandaran,23.0,40759,36.54,53.0,Sari,2018-01-01,MASA,134.2338405242245
Mazandaran,16.7,40788,36.64,53.2,Sari (Dasht-E-Naz Airport),2018-01-01,MASA,129.27814644482538
Mazandaran,1855.4,40735,36.23,51.3,Siahbisheh,2018-01-01,MASA,66.6640184512417
Mazandaran,1805.0,99361,36.07,52.84,Alasht,2018-02-01,MASA,62.59074094441175
Mazandaran,23.7,99309,36.48,52.47,Amol,2018-02-01,MASA,80.93939008858442
Mazandaran,-21.0,40736,36.7,52.64,Babolsar,2018-02-01,MASA,47.712751056220526
Mazandaran,2120.0,99357,36.2,51.8,Baladeh,2018-02-01,MASA,77.4592089906001
Mazandaran,-20.0,99306,36.86,53.39,Bandar-E-Amirabad,2018-02-01,MASA,50.02430858757734
Mazandaran,-10.0,99299,36.74,53.84,Galugah,2018-02-01,MASA,75.14046909954786
Mazandaran,14.7,40737,36.49,52.11,Gharakhil,2018-02-01,MASA,95.60930016186475
Mazandaran,1294.3,40760,36.25,53.55,Kiyasar,2018-02-01,MASA,55.494495059516424
Mazandaran,1550.0,99348,36.39,51.73,Kojur,2018-02-01,MASA,67.40141692307233
Mazandaran,-20.9,40734,36.66,51.47,Nowshahr,2018-02-01,MASA,107.03042926934003
Mazandaran,610.0,99360,36.1,53.06,Polsefid,2018-02-01,MASA,60.45617940571546
Mazandaran,-20.0,40732,36.9,50.68,Ramsar,2018-02-01,MASA,129.21545686867475
Mazandaran,23.0,40759,36.54,53.0,Sari,2018-02-01,MASA,58.44996156838178
Mazandaran,16.7,40788,36.64,53.2,Sari (Dasht-E-Naz Airport),2018-02-01,MASA,53.50505592968702
Mazandaran,1855.4,40735,36.23,51.3,Siahbisheh,2018-02-01,MASA,120.50392511036634
Mazandaran,1805.0,99361,36.07,52.84,Alasht,2018-03-01,MASA,73.82181912801755
Mazandaran,23.7,99309,36.48,52.47,Amol,2018-03-01,MASA,53.87858182333005
Mazandaran,-21.0,40736,36.7,52.64,Babolsar,2018-03-01,MASA,28.35886806390775
Mazandaran,2120.0,99357,36.2,51.8,Baladeh,2018-03-01,MASA,41.01308316133512
Mazandaran,-20.0,99306,36.86,53.39,Bandar-E-Amirabad,2018-03-01,MASA,49.44912225149167
Mazandaran,-10.0,99299,36.74,53.84,Galugah,2018-03-01,MASA,55.070793928127415
Mazandaran,14.7,40737,36.49,52.11,Gharakhil,2018-03-01,MASA,77.0555797233392
Mazandaran,1294.3,40760,36.25,53.55,Kiyasar,2018-03-01,MASA,54.412073196392186
Mazandaran,1550.0,99348,36.39,51.73,Kojur,2018-03-01,MASA,65.89878231428159
Mazandaran,-20.9,40734,36.66,51.47,Nowshahr,2018-03-01,MASA,65.40661186121
Mazandaran,610.0,99360,36.1,53.06,Polsefid,2018-03-01,MASA,73.78432780645383
Mazandaran,-20.0,40732,36.9,50.68,Ramsar,2018-03-01,MASA,82.10559815309537
Mazandaran,23.0,40759,36.54,53.0,Sari,2018-03-01,MASA,50.46953886888517
Mazandaran,16.7,40788,36.64,53.2,Sari (Dasht-E-Naz Airport),2018-03-01,MASA,40.635085405330784
Mazandaran,1855.4,40735,36.23,51.3,Siahbisheh,2018-03-01,MASA,52.37726003072751
Mazandaran,1805.0,99361,36.07,52.84,Alasht,2018-04-01,MASA,147.52562688626725
Mazandaran,23.7,99309,36.48,52.47,Amol,2018-04-01,MASA,91.50968836583573
Mazandaran,-21.0,40736,36.7,52.64,Babolsar,2018-04-01,MASA,47.18911992349106
Mazandaran,2120.0,99357,36.2,51.8,Baladeh,2018-04-01,MASA,126.79973589219529
Mazandaran,-20.0,99306,36.86,53.39,Bandar-E-Amirabad,2018-04-01,MASA,59.235010016340794
Mazandaran,-10.0,99299,36.74,53.84,Galugah,2018-04-01,MASA,75.35054134168107
Mazandaran,14.7,40737,36.49,52.11,Gharakhil,2018-04-01,MASA,119.1000674847551
Mazandaran,1294.3,40760,36.25,53.55,Kiyasar,2018-04-01,MASA,92.13564144410569
Mazandaran,1550.0,99348,36.39,51.73,Kojur,2018-04-01,MASA,134.66389821805436
Mazandaran,-20.9,40734,36.66,51.47,Nowshahr,2018-04-01,MASA,90.94055341519791
Mazandaran,610.0,99360,36.1,53.06,Polsefid,2018-04-01,MASA,130.5390630845018
Mazandaran,-20.0,40732,36.9,50.68,Ramsar,2018-04-01,MASA,98.80714463033158
Mazandaran,23.0,40759,36.54,53.0,Sari,2018-04-01,MASA,83.43804227151352
Mazandaran,16.7,40788,36.64,53.2,Sari (Dasht-E-Naz Airport),2018-04-01,MASA,68.47378956117112
Mazandaran,1855.4,40735,36.23,51.3,Siahbisheh,2018-04-01,MASA,117.00445758141953
Mazandaran,1805.0,99361,36.07,52.84,Alasht,2018-05-01,MASA,186.10084934637783
Mazandaran,23.7,99309,36.48,52.47,Amol,2018-05-01,MASA,38.396769599177816
Mazandaran,-21.0,40736,36.7,52.64,Babolsar,2018-05-01,MASA,7.847079471805074
Mazandaran,2120.0,99357,36.2,51.8,Baladeh,2018-05-01,MASA,163.62825913832424
Mazandaran,-20.0,99306,36.86,53.39,Bandar-E-Amirabad,2018-05-01,MASA,13.813236192920186
Mazandaran,-10.0,99299,36.74,53.84,Galugah,2018-05-01,MASA,75.2482502023959
Mazandaran,14.7,40737,36.49,52.11,Gharakhil,2018-05-01,MASA,126.38361139700649
Mazandaran,1294.3,40760,36.25,53.55,Kiyasar,2018-05-01,MASA,111.45120246813534
Mazandaran,1550.0,99348,36.39,51.73,Kojur,2018-05-01,MASA,210.0552855293536
Mazandaran,-20.9,40734,36.66,51.47,Nowshahr,2018-05-01,MASA,52.78838558600185
Mazandaran,610.0,99360,36.1,53.06,Polsefid,2018-05-01,MASA,151.19104965136287
Mazandaran,-20.0,40732,36.9,50.68,Ramsar,2018-05-01,MASA,69.29292662546871
Mazandaran,23.0,40759,36.54,53.0,Sari,2018-05-01,MASA,41.351699666240194
Mazandaran,16.7,40788,36.64,53.2,Sari (Dasht-E-Naz Airport),2018-05-01,MASA,38.81133480475185
Mazandaran,1855.4,40735,36.23,51.3,Siahbisheh,2018-05-01,MASA,175.31665547297237
Mazandaran,1805.0,99361,36.07,52.84,Alasht,2018-06-01,MASA,148.76615626443623
Mazandaran,23.7,99309,36.48,52.47,Amol,2018-06-01,MASA,53.85687572587727
Mazandaran,-21.0,40736,36.7,52.64,Babolsar,2018-06-01,MASA,11.515807338845718
Mazandaran,2120.0,99357,36.2,51.8,Baladeh,2018-06-01,MASA,120.3061900817275
Mazandaran,-20.0,99306,36.86,53.39,Bandar-E-Amirabad,2018-06-01,MASA,22.99743516076802
Mazandaran,-10.0,99299,36.74,53.84,Galugah,2018-06-01,MASA,43.51524633992909
Mazandaran,14.7,40737,36.49,52.11,Gharakhil,2018-06-01,MASA,145.9477208339095
Mazandaran,1294.3,40760,36.25,53.55,Kiyasar,2018-06-01,MASA,55.085834094178665
Mazandaran,1550.0,99348,36.39,51.73,Kojur,2018-06-01,MASA,172.108780571115
Mazandaran,-20.9,40734,36.66,51.47,Nowshahr,2018-06-01,MASA,54.833020993363846
Mazandaran,610.0,99360,36.1,53.06,Polsefid,2018-06-01,MASA,107.96500367749928
Mazandaran,-20.0,40732,36.9,50.68,Ramsar,2018-06-01,MASA,57.69057197202443
Mazandaran,23.0,40759,36.54,53.0,Sari,2018-06-01,MASA,37.52326590646504
Mazandaran,16.7,40788,36.64,53.2,Sari (Dasht-E-Naz Airport),2018-06-01,MASA,27.458336182725418
Mazandaran,1855.4,40735,36.23,51.3,Siahbisheh,2018-06-01,MASA,87.38967401612996
Mazandaran,1805.0,99361,36.07,52.84,Alasht,2018-07-01,MASA,74.06890715861536
Mazandaran,23.7,99309,36.48,52.47,Amol,2018-07-01,MASA,67.17278386855341
Mazandaran,-21.0,40736,36.7,52.64,Babolsar,2018-07-01,MASA,16.07466067576624
Mazandaran,2120.0,99357,36.2,51.8,Baladeh,2018-07-01,MASA,40.83477284217096
Mazandaran,-20.0,99306,36.86,53.39,Bandar-E-Amirabad,2018-07-01,MASA,19.265014188530216
Mazandaran,-10.0,99299,36.74,53.84,Galugah,2018-07-01,MASA,36.8240508010409
Mazandaran,14.7,40737,36.49,52.11,Gharakhil,2018-07-01,MASA,59.217396633865604
Mazandaran,1294.3,40760,36.25,53.55,Kiyasar,2018-07-01,MASA,35.59637393260218
Mazandaran,1550.0,99348,36.39,51.73,Kojur,2018-07-01,MASA,91.92537094855524
Mazandaran,-20.9,40734,36.66,51.47,Nowshahr,2018-07-01,MASA,50.35871590876795
Mazandaran,610.0,99360,36.1,53.06,Polsefid,2018-07-01,MASA,50.43757285380579
Mazandaran,-20.0,40732,36.9,50.68,Ramsar,2018-07-01,MASA,49.18751444125391
Mazandaran,23.0,40759,36.54,53.0,Sari,2018-07-01,MASA,47.947618620636234
Mazandaran,16.7,40788,36.64,53.2,Sari (Dasht-E-Naz Airport),2018-07-01,MASA,29.725986974479923
Mazandaran,1855.4,40735,36.23,51.3,Siahbisheh,2018-07-01,MASA,34.70431591773249
Mazandaran,1805.0,99361,36.07,52.84,Alasht,2018-08-01,MASA,126.0027541846398
Mazandaran,23.7,99309,36.48,52.47,Amol,2018-08-01,MASA,82.0995970696572
Mazandaran,-21.0,40736,36.7,52.64,Babolsar,2018-08-01,MASA,23.99551412764822
Mazandaran,2120.0,99357,36.2,51.8,Baladeh,2018-08-01,MASA,93.12840840522085
Mazandaran,-20.0,99306,36.86,53.39,Bandar-E-Amirabad,2018-08-01,MASA,34.926976177132474
Mazandaran,-10.0,99299,36.74,53.84,Galugah,2018-08-01,MASA,81.03021523658072
Mazandaran,14.7,40737,36.49,52.11,Gharakhil,2018-08-01,MASA,97.89566240016256
Mazandaran,1294.3,40760,36.25,53.55,Kiyasar,2018-08-01,MASA,88.06229672137533
Mazandaran,1550.0,99348,36.39,51.73,Kojur,2018-08-01,MASA,175.0934376448754
Mazandaran,-20.9,40734,36.66,51.47,Nowshahr,2018-08-01,MASA,89.15656349364554
Mazandaran,610.0,99360,36.1,53.06,Polsefid,2018-08-01,MASA,96.25847181979452
Mazandaran,-20.0,40732,36.9,50.68,Ramsar,2018-08-01,MASA,105.23621282283102
Mazandaran,23.0,40759,36.54,53.0,Sari,2018-08-01,MASA,79.57237503234182
Mazandaran,16.7,40788,36.64,53.2,Sari (Dasht-E-Naz Airport),2018-08-01,MASA,55.96728167239462
Mazandaran,1855.4,40735,36.23,51.3,Siahbisheh,2018-08-01,MASA,64.55139360133444
Mazandaran,1805.0,99361,36.07,52.84,Alasht,2018-09-01,MASA,99.06250996266053
Mazandaran,23.7,99309,36.48,52.47,Amol,2018-09-01,MASA,85.98596615467713
Mazandaran,-21.0,40736,36.7,52.64,Babolsar,2018-09-01,MASA,42.19614727173493
Mazandaran,2120.0,99357,36.2,51.8,Baladeh,2018-09-01,MASA,125.43769938622162
Mazandaran,-20.0,99306,36.86,53.39,Bandar-E-Amirabad,2018-09-01,MASA,23.30224973831818
Mazandaran,-10.0,99299,36.74,53.84,Galugah,2018-09-01,MASA,31.302042433363653
Mazandaran,14.7,40737,36.49,52.11,Gharakhil,2018-09-01,MASA,190.70873422299073
Mazandaran,1294.3,40760,36.25,53.55,Kiyasar,2018-09-01,MASA,37.93620330963776
Mazandaran,1550.0,99348,36.39,51.73,Kojur,2018-09-01,MASA,173.6659632412021
Mazandaran,-20.9,40734,36.66,51.47,Nowshahr,2018-09-01,MASA,173.01837367687867
Mazandaran,610.0,99360,36.1,53.06,Polsefid,2018-09-01,MASA,67.55166513596222
Mazandaran,-20.0,40732,36.9,50.68,Ramsar,2018-09-01,MASA,161.510042974097
Mazandaran,23.0,40759,36.54,53.0,Sari,2018-09-01,MASA,70.41133207951233
Mazandaran,16.7,40788,36.64,53.2,Sari (Dasht-E-Naz Airport),2018-09-01,MASA,44.035397597891546
Mazandaran,1855.4,40735,36.23,51.3,Siahbisheh,2018-09-01,MASA,80.52534622822449
Mazandaran,1805.0,99361,36.07,52.84,Alasht,2018-10-01,MASA,146.46110690286207
Mazandaran,23.7,99309,36.48,52.47,Amol,2018-10-01,MASA,186.56971312215376
Mazandaran,-21.0,40736,36.7,52.64,Babolsar,2018-10-01,MASA,160.76538718392896
Mazandaran,2120.0,99357,36.2,51.8,Baladeh,2018-10-01,MASA,160.67940748384046
Mazandaran,-20.0,99306,36.86,53.39,Bandar-E-Amirabad,2018-10-01,MASA,134.48221243073988
Mazandaran,-10.0,99299,36.74,53.84,Galugah,2018-10-01,MASA,181.16451061418104
Mazandaran,14.7,40737,36.49,52.11,Gharakhil,2018-10-01,MASA,271.6759071414714
Mazandaran,1294.3,40760,36.25,53.55,Kiyasar,2018-10-01,MASA,137.8073767488246
Mazandaran,1550.0,99348,36.39,51.73,Kojur,2018-10-01,MASA,177.91237688710737
Mazandaran,-20.9,40734,36.66,51.47,Nowshahr,2018-10-01,MASA,362.1318415467982
Mazandaran,610.0,99360,36.1,53.06,Polsefid,2018-10-01,MASA,111.34011305024671
Mazandaran,-20.0,40732,36.9,50.68,Ramsar,2018-10-01,MASA,316.63445389916944
Mazandaran,23.0,40759,36.54,53.0,Sari,2018-10-01,MASA,190.04950678994703
Mazandaran,16.7,40788,36.64,53.2,Sari (Dasht-E-Naz Airport),2018-10-01,MASA,188.66138911893415
Mazandaran,1855.4,40735,36.23,51.3,Siahbisheh,2018-10-01,MASA,157.39532566716719
Mazandaran,1805.0,99361,36.07,52.84,Alasht,2018-11-01,MASA,113.64982173652294
Mazandaran,23.7,99309,36.48,52.47,Amol,2018-11-01,MASA,110.18872902602794
Mazandaran,-21.0,40736,36.7,52.64,Babolsar,2018-11-01,MASA,65.78212127895
Mazandaran,2120.0,99357,36.2,51.8,Baladeh,2018-11-01,MASA,84.62638304443004
Mazandaran,-20.0,99306,36.86,53.39,Bandar-E-Amirabad,2018-11-01,MASA,54.868495919414784
Mazandaran,-10.0,99299,36.74,53.84,Galugah,2018-11-01,MASA,64.04244051189067
Mazandaran,14.7,40737,36.49,52.11,Gharakhil,2018-11-01,MASA,187.17228517741802
Mazandaran,1294.3,40760,36.25,53.55,Kiyasar,2018-11-01,MASA,52.361301042743946
Mazandaran,1550.0,99348,36.39,51.73,Kojur,2018-11-01,MASA,145.70809052199962
Mazandaran,-20.9,40734,36.66,51.47,Nowshahr,2018-11-01,MASA,246.64493546695354
Mazandaran,610.0,99360,36.1,53.06,Polsefid,2018-11-01,MASA,96.14916787356975
Mazandaran,-20.0,40732,36.9,50.68,Ramsar,2018-11-01,MASA,390.97950504035595
Mazandaran,23.0,40759,36.54,53.0,Sari,2018-11-01,MASA,67.72328064651134
Mazandaran,16.7,40788,36.64,53.2,Sari (Dasht-E-Naz Airport),2018-11-01,MASA,50.222045638271595
Mazandaran,1855.4,40735,36.23,51.3,Siahbisheh,2018-11-01,MASA,79.52078328342083
Mazandaran,1805.0,99361,36.07,52.84,Alasht,2018-12-01,MASA,71.94425941025884
Mazandaran,23.7,99309,36.48,52.47,Amol,2018-12-01,MASA,101.66157067334325
Mazandaran,-21.0,40736,36.7,52.64,Babolsar,2018-12-01,MASA,66.97393239056737
Mazandaran,2120.0,99357,36.2,51.8,Baladeh,2018-12-01,MASA,59.96944785630376
Mazandaran,-20.0,99306,36.86,53.39,Bandar-E-Amirabad,2018-12-01,MASA,63.64039361989171
Mazandaran,-10.0,99299,36.74,53.84,Galugah,2018-12-01,MASA,62.43623078381688
Mazandaran,14.7,40737,36.49,52.11,Gharakhil,2018-12-01,MASA,139.97005701577336
Mazandaran,1294.3,40760,36.25,53.55,Kiyasar,2018-12-01,MASA,52.13890255009801
Mazandaran,1550.0,99348,36.39,51.73,Kojur,2018-12-01,MASA,77.89122343575627
Mazandaran,-20.9,40734,36.66,51.47,Nowshahr,2018-12-01,MASA,165.21608114754827
Mazandaran,610.0,99360,36.1,53.06,Polsefid,2018-12-01,MASA,56.40006840741307
Mazandaran,-20.0,40732,36.9,50.68,Ramsar,2018-12-01,MASA,210.4127782634464
Mazandaran,23.0,40759,36.54,53.0,Sari,2018-12-01,MASA,66.24739647423894
Mazandaran,16.7,40788,36.64,53.2,Sari (Dasht-E-Naz Airport),2018-12-01,MASA,61.135955458041735
Mazandaran,1855.4,40735,36.23,51.3,Siahbisheh,2018-12-01,MASA,61.10657036816747
Mazandaran,1805.0,99361,36.07,52.84,Alasht,2019-01-01,MASA,97.67576063889649
Mazandaran,23.7,99309,36.48,52.47,Amol,2019-01-01,MASA,89.70658983010438
Mazandaran,-21.0,40736,36.7,52.64,Babolsar,2019-01-01,MASA,77.62507106084016
Mazandaran,2120.0,99357,36.2,51.8,Baladeh,2019-01-01,MASA,93.91920770424989
Mazandaran,-20.0,99306,36.86,53.39,Bandar-E-Amirabad,2019-01-01,MASA,99.54599047917512
Mazandaran,-10.0,99299,36.74,53.84,Galugah,2019-01-01,MASA,118.03979183453706
Mazandaran,14.7,40737,36.49,52.11,Gharakhil,2019-01-01,MASA,98.81105030793336
Mazandaran,1294.3,40760,36.25,53.55,Kiyasar,2019-01-01,MASA,123.03829695004609
Mazandaran,1550.0,99348,36.39,51.73,Kojur,2019-01-01,MASA,86.03874350804475
Mazandaran,-20.9,40734,36.66,51.47,Nowshahr,2019-01-01,MASA,110.15365029591706
Mazandaran,610.0,99360,36.1,53.06,Polsefid,2019-01-01,MASA,103.26818133610871
Mazandaran,-20.0,40732,36.9,50.68,Ramsar,2019-01-01,MASA,106.98389018792298
Mazandaran,23.0,40759,36.54,53.0,Sari,2019-01-01,MASA,104.65823615807679
Mazandaran,16.7,40788,36.64,53.2,Sari (Dasht-E-Naz Airport),2019-01-01,MASA,110.20559574383881
Mazandaran,1855.4,40735,36.23,51.3,Siahbisheh,2019-01-01,MASA,135.82431281823304
Mazandaran,1805.0,99361,36.07,52.84,Alasht,2019-02-01,MASA,84.8824703627642
Mazandaran,23.7,99309,36.48,52.47,Amol,2019-02-01,MASA,113.13000559149344
Mazandaran,-21.0,40736,36.7,52.64,Babolsar,2019-02-01,MASA,92.80921756563743
Mazandaran,2120.0,99357,36.2,51.8,Baladeh,2019-02-01,MASA,63.55136870680411
Mazandaran,-20.0,99306,36.86,53.39,Bandar-E-Amirabad,2019-02-01,MASA,86.36366068659385
Mazandaran,-10.0,99299,36.74,53.84,Galugah,2019-02-01,MASA,90.65878629026969
Mazandaran,14.7,40737,36.49,52.11,Gharakhil,2019-02-01,MASA,134.23702358542045
Mazandaran,1294.3,40760,36.25,53.55,Kiyasar,2019-02-01,MASA,87.34175800619681
Mazandaran,1550.0,99348,36.39,51.73,Kojur,2019-02-01,MASA,78.06752859888633
Mazandaran,-20.9,40734,36.66,51.47,Nowshahr,2019-02-01,MASA,145.64280449686606
Mazandaran,610.0,99360,36.1,53.06,Polsefid,2019-02-01,MASA,84.60426568327506
Mazandaran,-20.0,40732,36.9,50.68,Ramsar,2019-02-01,MASA,169.87426816759665
Mazandaran,23.0,40759,36.54,53.0,Sari,2019-02-01,MASA,103.82154821692069
Mazandaran,16.7,40788,36.64,53.2,Sari (Dasht-E-Naz Airport),2019-02-01,MASA,93.45920621691306
Mazandaran,1855.4,40735,36.23,51.3,Siahbisheh,2019-02-01,MASA,62.25069104967673
Mazandaran,1805.0,99361,36.07,52.84,Alasht,2019-03-01,MASA,168.42171669846806
Mazandaran,23.7,99309,36.48,52.47,Amol,2019-03-01,MASA,148.74038220292363
Mazandaran,-21.0,40736,36.7,52.64,Babolsar,2019-03-01,MASA,91.13288045769963
Mazandaran,2120.0,99357,36.2,51.8,Baladeh,2019-03-01,MASA,136.43038392907414
Mazandaran,-20.0,99306,36.86,53.39,Bandar-E-Amirabad,2019-03-01,MASA,143.22005332356724
Mazandaran,-10.0,99299,36.74,53.84,Galugah,2019-03-01,MASA,194.48723019009861
Mazandaran,14.7,40737,36.49,52.11,Gharakhil,2019-03-01,MASA,192.99186886197361
Mazandaran,1294.3,40760,36.25,53.55,Kiyasar,2019-03-01,MASA,189.0849185073975
Mazandaran,1550.0,99348,36.39,51.73,Kojur,2019-03-01,MASA,160.88226557618412
Mazandaran,-20.9,40734,36.66,51.47,Nowshahr,2019-03-01,MASA,170.34942031747136
Mazandaran,610.0,99360,36.1,53.06,Polsefid,2019-03-01,MASA,175.57601750737462
Mazandaran,-20.0,40732,36.9,50.68,Ramsar,2019-03-01,MASA,197.06909478551182
Mazandaran,23.0,40759,36.54,53.0,Sari,2019-03-01,MASA,153.3006143653992
Mazandaran,16.7,40788,36.64,53.2,Sari (Dasht-E-Naz Airport),2019-03-01,MASA,155.02372504121098
Mazandaran,1855.4,40735,36.23,51.3,Siahbisheh,2019-03-01,MASA,128.6698144758347
Mazandaran,1805.0,99361,36.07,52.84,Alasht,2019-04-01,MASA,186.67734371604183
Mazandaran,23.7,99309,36.48,52.47,Amol,2019-04-01,MASA,87.1847938198016
Mazandaran,-21.0,40736,36.7,52.64,Babolsar,2019-04-01,MASA,39.872429837600976
Mazandaran,2120.0,99357,36.2,51.8,Baladeh,2019-04-01,MASA,122.58811997355679
Mazandaran,-20.0,99306,36.86,53.39,Bandar-E-Amirabad,2019-04-01,MASA,89.55398904265621
Mazandaran,-10.0,99299,36.74,53.84,Galugah,2019-04-01,MASA,132.1589569944308
Mazandaran,14.7,40737,36.49,52.11,Gharakhil,2019-04-01,MASA,148.48355161132076
Mazandaran,1294.3,40760,36.25,53.55,Kiyasar,2019-04-01,MASA,124.76421104850033
Mazandaran,1550.0,99348,36.39,51.73,Kojur,2019-04-01,MASA,182.32787357749203
Mazandaran,-20.9,40734,36.66,51.47,Nowshahr,2019-04-01,MASA,122.41997527064541
Mazandaran,610.0,99360,36.1,53.06,Polsefid,2019-04-01,MASA,162.4251376289294
Mazandaran,-20.0,40732,36.9,50.68,Ramsar,2019-04-01,MASA,143.29200195254543
Mazandaran,23.0,40759,36.54,53.0,Sari,2019-04-01,MASA,84.5721434253619
Mazandaran,16.7,40788,36.64,53.2,Sari (Dasht-E-Naz Airport),2019-04-01,MASA,81.08947383345821
Mazandaran,1855.4,40735,36.23,51.3,Siahbisheh,2019-04-01,MASA,128.42545615615109
Mazandaran,1805.0,99361,36.07,52.84,Alasht,2019-05-01,MASA,104.04907933642349
Mazandaran,23.7,99309,36.48,52.47,Amol,2019-05-01,MASA,53.03087107111892
Mazandaran,-21.0,40736,36.7,52.64,Babolsar,2019-05-01,MASA,6.229870237607571
Mazandaran,2120.0,99357,36.2,51.8,Baladeh,2019-05-01,MASA,129.3042527811714
Mazandaran,-20.0,99306,36.86,53.39,Bandar-E-Amirabad,2019-05-01,MASA,7.949136413831326
Mazandaran,-10.0,99299,36.74,53.84,Galugah,2019-05-01,MASA,38.23220006396255
Mazandaran,14.7,40737,36.49,52.11,Gharakhil,2019-05-01,MASA,124.21525291373214
Mazandaran,1294.3,40760,36.25,53.55,Kiyasar,2019-05-01,MASA,73.00611607005081
Mazandaran,1550.0,99348,36.39,51.73,Kojur,2019-05-01,MASA,126.73560551573715
Mazandaran,-20.9,40734,36.66,51.47,Nowshahr,2019-05-01,MASA,37.29412726332626
Mazandaran,610.0,99360,36.1,53.06,Polsefid,2019-05-01,MASA,101.41306392123184
Mazandaran,-20.0,40732,36.9,50.68,Ramsar,2019-05-01,MASA,37.84618548323593
Mazandaran,23.0,40759,36.54,53.0,Sari,2019-05-01,MASA,45.17931512762985
Mazandaran,16.7,40788,36.64,53.2,Sari (Dasht-E-Naz Airport),2019-05-01,MASA,28.375141538877102
Mazandaran,1855.4,40735,36.23,51.3,Siahbisheh,2019-05-01,MASA,97.6137148516365
Mazandaran,1805.0,99361,36.07,52.84,Alasht,2019-06-01,MASA,97.9236875528322
Mazandaran,23.7,99309,36.48,52.47,Amol,2019-06-01,MASA,33.16358373107775
Mazandaran,-21.0,40736,36.7,52.64,Babolsar,2019-06-01,MASA,6.581342672728141
Mazandaran,2120.0,99357,36.2,51.8,Baladeh,2019-06-01,MASA,126.94773719253405
Mazandaran,-20.0,99306,36.86,53.39,Bandar-E-Amirabad,2019-06-01,MASA,3.7341330999360878
Mazandaran,-10.0,99299,36.74,53.84,Galugah,2019-06-01,MASA,21.10863373222216
Mazandaran,14.7,40737,36.49,52.11,Gharakhil,2019-06-01,MASA,134.0104703659044
Mazandaran,1294.3,40760,36.25,53.55,Kiyasar,2019-06-01,MASA,34.0022210830675
Mazandaran,1550.0,99348,36.39,51.73,Kojur,2019-06-01,MASA,162.11802408637865
Mazandaran,-20.9,40734,36.66,51.47,Nowshahr,2019-06-01,MASA,41.53961584510668
Mazandaran,610.0,99360,36.1,53.06,Polsefid,2019-06-01,MASA,56.4718608612047
Mazandaran,-20.0,40732,36.9,50.68,Ramsar,2019-06-01,MASA,52.112347340010245
Mazandaran,23.0,40759,36.54,53.0,Sari,2019-06-01,MASA,22.518432592772086
Mazandaran,16.7,40788,36.64,53.2,Sari (Dasht-E-Naz Airport),2019-06-01,MASA,15.662110304258903
Mazandaran,1855.4,40735,36.23,51.3,Siahbisheh,2019-06-01,MASA,96.55029222907885
Mazandaran,1805.0,99361,36.07,52.84,Alasht,2019-07-01,MASA,79.34208021710987
Mazandaran,23.7,99309,36.48,52.47,Amol,2019-07-01,MASA,81.65190921376819
Mazandaran,-21.0,40736,36.7,52.64,Babolsar,2019-07-01,MASA,25.19066439221973
Mazandaran,2120.0,99357,36.2,51.8,Baladeh,2019-07-01,MASA,96.57466219018573
Mazandaran,-20.0,99306,36.86,53.39,Bandar-E-Amirabad,2019-07-01,MASA,45.079929691063114
Mazandaran,-10.0,99299,36.74,53.84,Galugah,2019-07-01,MASA,121.76029191564197
Mazandaran,14.7,40737,36.49,52.11,Gharakhil,2019-07-01,MASA,120.86859152864093
Mazandaran,1294.3,40760,36.25,53.55,Kiyasar,2019-07-01,MASA,105.1525901372301
Mazandaran,1550.0,99348,36.39,51.73,Kojur,2019-07-01,MASA,156.86592267106647
Mazandaran,-20.9,40734,36.66,51.47,Nowshahr,2019-07-01,MASA,124.13811491082782
Mazandaran,610.0,99360,36.1,53.06,Polsefid,2019-07-01,MASA,89.76766274522419
Mazandaran,-20.0,40732,36.9,50.68,Ramsar,2019-07-01,MASA,146.26326964448566
Mazandaran,23.0,40759,36.54,53.0,Sari,2019-07-01,MASA,89.22643766950245
Mazandaran,16.7,40788,36.64,53.2,Sari (Dasht-E-Naz Airport),2019-07-01,MASA,63.378004294143864
Mazandaran,1855.4,40735,36.23,51.3,Siahbisheh,2019-07-01,MASA,80.13675914357776
Mazandaran,1805.0,99361,36.07,52.84,Alasht,2019-08-01,MASA,71.50846538342392
Mazandaran,23.7,99309,36.48,52.47,Amol,2019-08-01,MASA,43.98856875695145
Mazandaran,-21.0,40736,36.7,52.64,Babolsar,2019-08-01,MASA,11.946348522080541
Mazandaran,2120.0,99357,36.2,51.8,Baladeh,2019-08-01,MASA,90.22903260983384
Mazandaran,-20.0,99306,36.86,53.39,Bandar-E-Amirabad,2019-08-01,MASA,40.1778799036876
Mazandaran,-10.0,99299,36.74,53.84,Galugah,2019-08-01,MASA,47.415075872315526
Mazandaran,14.7,40737,36.49,52.11,Gharakhil,2019-08-01,MASA,70.42968091763413
Mazandaran,1294.3,40760,36.25,53.55,Kiyasar,2019-08-01,MASA,55.895863149537206
Mazandaran,1550.0,99348,36.39,51.73,Kojur,2019-08-01,MASA,119.98589155472672
Mazandaran,-20.9,40734,36.66,51.47,Nowshahr,2019-08-01,MASA,49.5772790650264
Mazandaran,610.0,99360,36.1,53.06,Polsefid,2019-08-01,MASA,53.03209838665879
Mazandaran,-20.0,40732,36.9,50.68,Ramsar,2019-08-01,MASA,67.50123021401322
Mazandaran,23.0,40759,36.54,53.0,Sari,2019-08-01,MASA,44.968633029832006
Mazandaran,16.7,40788,36.64,53.2,Sari (Dasht-E-Naz Airport),2019-08-01,MASA,33.827705357445836
Mazandaran,1855.4,40735,36.23,51.3,Siahbisheh,2019-08-01,MASA,60.96756276883042
Mazandaran,1805.0,99361,36.07,52.84,Alasht,2019-09-01,MASA,75.01655972754051
Mazandaran,23.7,99309,36.48,52.47,Amol,2019-09-01,MASA,61.89003742491295
Mazandaran,-21.0,40736,36.7,52.64,Babolsar,2019-09-01,MASA,35.207943685403364
Mazandaran,2120.0,99357,36.2,51.8,Baladeh,2019-09-01,MASA,81.6853956059127
Mazandaran,-20.0,99306,36.86,53.39,Bandar-E-Amirabad,2019-09-01,MASA,52.985282309403914
Mazandaran,-10.0,99299,36.74,53.84,Galugah,2019-09-01,MASA,77.68272019182731
Mazandaran,14.7,40737,36.49,52.11,Gharakhil,2019-09-01,MASA,117.86195791517784
Mazandaran,1294.3,40760,36.25,53.55,Kiyasar,2019-09-01,MASA,63.918756015649336
Mazandaran,1550.0,99348,36.39,51.73,Kojur,2019-09-01,MASA,162.82616711412956
Mazandaran,-20.9,40734,36.66,51.47,Nowshahr,2019-09-01,MASA,127.93038941179802
Mazandaran,610.0,99360,36.1,53.06,Polsefid,2019-09-01,MASA,57.99397981916954
Mazandaran,-20.0,40732,36.9,50.68,Ramsar,2019-09-01,MASA,141.48418761049797
Mazandaran,23.0,40759,36.54,53.0,Sari,2019-09-01,MASA,69.20500255381157
Mazandaran,16.7,40788,36.64,53.2,Sari (Dasht-E-Naz Airport),2019-09-01,MASA,54.82502437387993
Mazandaran,1855.4,40735,36.23,51.3,Siahbisheh,2019-09-01,MASA,71.48704088484337
Mazandaran,1805.0,99361,36.07,52.84,Alasht,2019-10-01,MASA,204.28058545214256
Mazandaran,23.7,99309,36.48,52.47,Amol,2019-10-01,MASA,151.27031545263847
Mazandaran,-21.0,40736,36.7,52.64,Babolsar,2019-10-01,MASA,94.23370699507316
Mazandaran,2120.0,99357,36.2,51.8,Baladeh,2019-10-01,MASA,144.77808813673576
Mazandaran,-20.0,99306,36.86,53.39,Bandar-E-Amirabad,2019-10-01,MASA,56.13225738627037
Mazandaran,-10.0,99299,36.74,53.84,Galugah,2019-10-01,MASA,95.66907624823173
Mazandaran,14.7,40737,36.49,52.11,Gharakhil,2019-10-01,MASA,278.32244376761037
Mazandaran,1294.3,40760,36.25,53.55,Kiyasar,2019-10-01,MASA,81.15051726919731
Mazandaran,1550.0,99348,36.39,51.73,Kojur,2019-10-01,MASA,201.60163979155143
Mazandaran,-20.9,40734,36.66,51.47,Nowshahr,2019-10-01,MASA,322.7310631714495
Mazandaran,610.0,99360,36.1,53.06,Polsefid,2019-10-01,MASA,162.5116173468264
Mazandaran,-20.0,40732,36.9,50.68,Ramsar,2019-10-01,MASA,349.3137661657961
Mazandaran,23.0,40759,36.54,53.0,Sari,2019-10-01,MASA,96.2903950653704
Mazandaran,16.7,40788,36.64,53.2,Sari (Dasht-E-Naz Airport),2019-10-01,MASA,80.06197254282554
Mazandaran,1855.4,40735,36.23,51.3,Siahbisheh,2019-10-01,MASA,110.8877513847979
Mazandaran,1805.0,99361,36.07,52.84,Alasht,2019-11-01,MASA,130.53053417498361
Mazandaran,23.7,99309,36.48,52.47,Amol,2019-11-01,MASA,167.4275080233265
Mazandaran,-21.0,40736,36.7,52.64,Babolsar,2019-11-01,MASA,146.78743281656992
Mazandaran,2120.0,99357,36.2,51.8,Baladeh,2019-11-01,MASA,73.80729713732492
Mazandaran,-20.0,99306,36.86,53.39,Bandar-E-Amirabad,2019-11-01,MASA,115.32054641539347
Mazandaran,-10.0,99299,36.74,53.84,Galugah,2019-11-01,MASA,136.74483993345987
Mazandaran,14.7,40737,36.49,52.11,Gharakhil,2019-11-01,MASA,206.13169470125925
Mazandaran,1294.3,40760,36.25,53.55,Kiyasar,2019-11-01,MASA,129.6089569597889
Mazandaran,1550.0,99348,36.39,51.73,Kojur,2019-11-01,MASA,121.96497419173014
Mazandaran,-20.9,40734,36.66,51.47,Nowshahr,2019-11-01,MASA,263.0373964577366
Mazandaran,610.0,99360,36.1,53.06,Polsefid,2019-11-01,MASA,119.71413889223825
Mazandaran,-20.0,40732,36.9,50.68,Ramsar,2019-11-01,MASA,282.91341462427863
Mazandaran,23.0,40759,36.54,53.0,Sari,2019-11-01,MASA,152.05608108336222
Mazandaran,16.7,40788,36.64,53.2,Sari (Dasht-E-Naz Airport),2019-11-01,MASA,146.27656140620005
Mazandaran,1855.4,40735,36.23,51.3,Siahbisheh,2019-11-01,MASA,51.141453769748324
Mazandaran,1805.0,99361,36.07,52.84,Alasht,2019-12-01,MASA,72.39501064417198
Mazandaran,23.7,99309,36.48,52.47,Amol,2019-12-01,MASA,103.86684423086479
Mazandaran,-21.0,40736,36.7,52.64,Babolsar,2019-12-01,MASA,45.50881569979026
Mazandaran,2120.0,99357,36.2,51.8,Baladeh,2019-12-01,MASA,69.91276031133964
Mazandaran,-20.0,99306,36.86,53.39,Bandar-E-Amirabad,2019-12-01,MASA,34.92629414198234
Mazandaran,-10.0,99299,36.74,53.84,Galugah,2019-12-01,MASA,54.15178721544578
Mazandaran,14.7,40737,36.49,52.11,Gharakhil,2019-12-01,MASA,161.01790850756004
Mazandaran,1294.3,40760,36.25,53.55,Kiyasar,2019-12-01,MASA,41.23467093107536
Mazandaran,1550.0,99348,36.39,51.73,Kojur,2019-12-01,MASA,98.06018953916862
Mazandaran,-20.9,40734,36.66,51.47,Nowshahr,2019-12-01,MASA,173.19922035333946
Mazandaran,610.0,99360,36.1,53.06,Polsefid,2019-12-01,MASA,64.05991201994254
Mazandaran,-20.0,40732,36.9,50.68,Ramsar,2019-12-01,MASA,237.62182777521446
Mazandaran,23.0,40759,36.54,53.0,Sari,2019-12-01,MASA,57.79710298178031
Mazandaran,16.7,40788,36.64,53.2,Sari (Dasht-E-Naz Airport),2019-12-01,MASA,50.39630716440513
Mazandaran,1855.4,40735,36.23,51.3,Siahbisheh,2019-12-01,MASA,61.13903110620811
Mazandaran,1805.0,99361,36.07,52.84,Alasht,2020-01-01,MASA,79.16391520357635
Mazandaran,23.7,99309,36.48,52.47,Amol,2020-01-01,MASA,129.1336777672818
Mazandaran,-21.0,40736,36.7,52.64,Babolsar,2020-01-01,MASA,76.5976670250943
Mazandaran,2120.0,99357,36.2,51.8,Baladeh,2020-01-01,MASA,36.063662456040646
Mazandaran,-20.0,99306,36.86,53.39,Bandar-E-Amirabad,2020-01-01,MASA,51.41126243925598
Mazandaran,-10.0,99299,36.74,53.84,Galugah,2020-01-01,MASA,57.710415409570004
Mazandaran,14.7,40737,36.49,52.11,Gharakhil,2020-01-01,MASA,155.1637115941098
Mazandaran,1294.3,40760,36.25,53.55,Kiyasar,2020-01-01,MASA,58.7536010012677
Mazandaran,1550.0,99348,36.39,51.73,Kojur,2020-01-01,MASA,60.21249918795135
Mazandaran,-20.9,40734,36.66,51.47,Nowshahr,2020-01-01,MASA,200.3791245684674
Mazandaran,610.0,99360,36.1,53.06,Polsefid,2020-01-01,MASA,76.44573478556183
Mazandaran,-20.0,40732,36.9,50.68,Ramsar,2020-01-01,MASA,264.1926470265439
Mazandaran,23.0,40759,36.54,53.0,Sari,2020-01-01,MASA,68.83435575819519
Mazandaran,16.7,40788,36.64,53.2,Sari (Dasht-E-Naz Airport),2020-01-01,MASA,59.79547529078033
Mazandaran,1855.4,40735,36.23,51.3,Siahbisheh,2020-01-01,MASA,37.126428173547055
Mazandaran,1805.0,99361,36.07,52.84,Alasht,2020-02-01,MASA,155.1251892095351
Mazandaran,23.7,99309,36.48,52.47,Amol,2020-02-01,MASA,165.9362051730895
Mazandaran,-21.0,40736,36.7,52.64,Babolsar,2020-02-01,MASA,113.97692897374867
Mazandaran,2120.0,99357,36.2,51.8,Baladeh,2020-02-01,MASA,129.81625237519978
Mazandaran,-20.0,99306,36.86,53.39,Bandar-E-Amirabad,2020-02-01,MASA,127.07110085542439
Mazandaran,-10.0,99299,36.74,53.84,Galugah,2020-02-01,MASA,145.58342435415028
Mazandaran,14.7,40737,36.49,52.11,Gharakhil,2020-02-01,MASA,197.74464108999013
Mazandaran,1294.3,40760,36.25,53.55,Kiyasar,2020-02-01,MASA,128.75353136117695
Mazandaran,1550.0,99348,36.39,51.73,Kojur,2020-02-01,MASA,148.47202935273884
Mazandaran,-20.9,40734,36.66,51.47,Nowshahr,2020-02-01,MASA,236.90808155591725
Mazandaran,610.0,99360,36.1,53.06,Polsefid,2020-02-01,MASA,145.81947364862202
Mazandaran,-20.0,40732,36.9,50.68,Ramsar,2020-02-01,MASA,240.33677914197682
Mazandaran,23.0,40759,36.54,53.0,Sari,2020-02-01,MASA,134.73233916814564
Mazandaran,16.7,40788,36.64,53.2,Sari (Dasht-E-Naz Airport),2020-02-01,MASA,135.7436064725661
Mazandaran,1855.4,40735,36.23,51.3,Siahbisheh,2020-02-01,MASA,154.80438211019276
Mazandaran,1805.0,99361,36.07,52.84,Alasht,2020-03-01,MASA,117.8116782398142
Mazandaran,23.7,99309,36.48,52.47,Amol,2020-03-01,MASA,114.12469882678167
Mazandaran,-21.0,40736,36.7,52.64,Babolsar,2020-03-01,MASA,74.20188028525487
Mazandaran,2120.0,99357,36.2,51.8,Baladeh,2020-03-01,MASA,76.56527895640508
Mazandaran,-20.0,99306,36.86,53.39,Bandar-E-Amirabad,2020-03-01,MASA,70.75057763766424
Mazandaran,-10.0,99299,36.74,53.84,Galugah,2020-03-01,MASA,98.61638982009069
Mazandaran,14.7,40737,36.49,52.11,Gharakhil,2020-03-01,MASA,139.58851833056585
Mazandaran,1294.3,40760,36.25,53.55,Kiyasar,2020-03-01,MASA,119.4656922311701
Mazandaran,1550.0,99348,36.39,51.73,Kojur,2020-03-01,MASA,108.31358868788854
Mazandaran,-20.9,40734,36.66,51.47,Nowshahr,2020-03-01,MASA,124.55984790038244
Mazandaran,610.0,99360,36.1,53.06,Polsefid,2020-03-01,MASA,115.60870547007696
Mazandaran,-20.0,40732,36.9,50.68,Ramsar,2020-03-01,MASA,95.78205485057012
Mazandaran,23.0,40759,36.54,53.0,Sari,2020-03-01,MASA,96.37020368289129
Mazandaran,16.7,40788,36.64,53.2,Sari (Dasht-E-Naz Airport),2020-03-01,MASA,85.93700666140691
Mazandaran,1855.4,40735,36.23,51.3,Siahbisheh,2020-03-01,MASA,74.65141851615087
Mazandaran,1805.0,99361,36.07,52.84,Alasht,2020-04-01,MASA,211.466511026277
Mazandaran,23.7,99309,36.48,52.47,Amol,2020-04-01,MASA,139.69124598826355
Mazandaran,-21.0,40736,36.7,52.64,Babolsar,2020-04-01,MASA,66.90176321591323
Mazandaran,2120.0,99357,36.2,51.8,Baladeh,2020-04-01,MASA,139.84364761437362
Mazandaran,-20.0,99306,36.86,53.39,Bandar-E-Amirabad,2020-04-01,MASA,69.62852670277542
Mazandaran,-10.0,99299,36.74,53.84,Galugah,2020-04-01,MASA,139.51948775376266
Mazandaran,14.7,40737,36.49,52.11,Gharakhil,2020-04-01,MASA,195.97505523289627
Mazandaran,1294.3,40760,36.25,53.55,Kiyasar,2020-04-01,MASA,127.27614237393325
Mazandaran,1550.0,99348,36.39,51.73,Kojur,2020-04-01,MASA,169.5746157916922
Mazandaran,-20.9,40734,36.66,51.47,Nowshahr,2020-04-01,MASA,138.14664377297348
Mazandaran,610.0,99360,36.1,53.06,Polsefid,2020-04-01,MASA,198.29833997811264
Mazandaran,-20.0,40732,36.9,50.68,Ramsar,2020-04-01,MASA,151.4275793584723
Mazandaran,23.0,40759,36.54,53.0,Sari,2020-04-01,MASA,96.17336584652847
Mazandaran,16.7,40788,36.64,53.2,Sari (Dasht-E-Naz Airport),2020-04-01,MASA,81.31644620026535
Mazandaran,1855.4,40735,36.23,51.3,Siahbisheh,2020-04-01,MASA,220.06724520052856
Mazandaran,1805.0,99361,36.07,52.84,Alasht,2020-05-01,MASA,88.40627443672489
Mazandaran,23.7,99309,36.48,52.47,Amol,2020-05-01,MASA,73.20053350807498
Mazandaran,-21.0,40736,36.7,52.64,Babolsar,2020-05-01,MASA,14.249721883548006
Mazandaran,2120.0,99357,36.2,51.8,Baladeh,2020-05-01,MASA,96.1850829112656
Mazandaran,-20.0,99306,36.86,53.39,Bandar-E-Amirabad,2020-05-01,MASA,14.0055961597092
Mazandaran,-10.0,99299,36.74,53.84,Galugah,2020-05-01,MASA,33.02904438854526
Mazandaran,14.7,40737,36.49,52.11,Gharakhil,2020-05-01,MASA,101.69936191917728
Mazandaran,1294.3,40760,36.25,53.55,Kiyasar,2020-05-01,MASA,48.671538351786836
Mazandaran,1550.0,99348,36.39,51.73,Kojur,2020-05-01,MASA,94.36886978031467
Mazandaran,-20.9,40734,36.66,51.47,Nowshahr,2020-05-01,MASA,66.9475443351395
Mazandaran,610.0,99360,36.1,53.06,Polsefid,2020-05-01,MASA,68.20412945629428
Mazandaran,-20.0,40732,36.9,50.68,Ramsar,2020-05-01,MASA,51.656255840075715
Mazandaran,23.0,40759,36.54,53.0,Sari,2020-05-01,MASA,37.434170364154085
Mazandaran,16.7,40788,36.64,53.2,Sari (Dasht-E-Naz Airport),2020-05-01,MASA,23.564944385302766
Mazandaran,1855.4,40735,36.23,51.3,Siahbisheh,2020-05-01,MASA,96.14061784626315
Mazandaran,1805.0,99361,36.07,52.84,Alasht,2020-06-01,MASA,27.487766180552597
Mazandaran,23.7,99309,36.48,52.47,Amol,2020-06-01,MASA,16.728129420794602
Mazandaran,-21.0,40736,36.7,52.64,Babolsar,2020-06-01,MASA,3.034349713839646
Mazandaran,2120.0,99357,36.2,51.8,Baladeh,2020-06-01,MASA,77.30759326032555
Mazandaran,-20.0,99306,36.86,53.39,Bandar-E-Amirabad,2020-06-01,MASA,9.287428293742295
Mazandaran,-10.0,99299,36.74,53.84,Galugah,2020-06-01,MASA,7.67083111814415
Mazandaran,14.7,40737,36.49,52.11,Gharakhil,2020-06-01,MASA,39.97286799959099
Mazandaran,1294.3,40760,36.25,53.55,Kiyasar,2020-06-01,MASA,22.715818319834824
Mazandaran,1550.0,99348,36.39,51.73,Kojur,2020-06-01,MASA,71.85011747888481
Mazandaran,-20.9,40734,36.66,51.47,Nowshahr,2020-06-01,MASA,11.576067839182969
Mazandaran,610.0,99360,36.1,53.06,Polsefid,2020-06-01,MASA,24.100195799388047
Mazandaran,-20.0,40732,36.9,50.68,Ramsar,2020-06-01,MASA,21.950911913432236
Mazandaran,23.0,40759,36.54,53.0,Sari,2020-06-01,MASA,17.369788322962876
Mazandaran,16.7,40788,36.64,53.2,Sari (Dasht-E-Naz Airport),2020-06-01,MASA,10.869186554469223
Mazandaran,1855.4,40735,36.23,51.3,Siahbisheh,2020-06-01,MASA,46.4898014407531
Mazandaran,1805.0,99361,36.07,52.84,Alasht,2020-07-01,MASA,91.93730567733027
Mazandaran,23.7,99309,36.48,52.47,Amol,2020-07-01,MASA,93.33151792327143
Mazandaran,-21.0,40736,36.7,52.64,Babolsar,2020-07-01,MASA,28.22011922637202
Mazandaran,2120.0,99357,36.2,51.8,Baladeh,2020-07-01,MASA,218.62745498458125
Mazandaran,-20.0,99306,36.86,53.39,Bandar-E-Amirabad,2020-07-01,MASA,19.199328768646495
Mazandaran,-10.0,99299,36.74,53.84,Galugah,2020-07-01,MASA,31.849401343261974
Mazandaran,14.7,40737,36.49,52.11,Gharakhil,2020-07-01,MASA,201.44492601195552
Mazandaran,1294.3,40760,36.25,53.55,Kiyasar,2020-07-01,MASA,74.33591996470668
Mazandaran,1550.0,99348,36.39,51.73,Kojur,2020-07-01,MASA,242.246272313988
Mazandaran,-20.9,40734,36.66,51.47,Nowshahr,2020-07-01,MASA,150.89312409201838
Mazandaran,610.0,99360,36.1,53.06,Polsefid,2020-07-01,MASA,60.6053790930865
Mazandaran,-20.0,40732,36.9,50.68,Ramsar,2020-07-01,MASA,78.57606028357722
Mazandaran,23.0,40759,36.54,53.0,Sari,2020-07-01,MASA,70.30320380965449
Mazandaran,16.7,40788,36.64,53.2,Sari (Dasht-E-Naz Airport),2020-07-01,MASA,44.345500219261424
Mazandaran,1855.4,40735,36.23,51.3,Siahbisheh,2020-07-01,MASA,164.72412859240748
Mazandaran,1805.0,99361,36.07,52.84,Alasht,2020-08-01,MASA,100.14140928434756
Mazandaran,23.7,99309,36.48,52.47,Amol,2020-08-01,MASA,85.1704957549515
Mazandaran,-21.0,40736,36.7,52.64,Babolsar,2020-08-01,MASA,31.884494668716457
Mazandaran,2120.0,99357,36.2,51.8,Baladeh,2020-08-01,MASA,171.07713545011904
Mazandaran,-20.0,99306,36.86,53.39,Bandar-E-Amirabad,2020-08-01,MASA,45.12560690092471
Mazandaran,-10.0,99299,36.74,53.84,Galugah,2020-08-01,MASA,77.79267752813723
Mazandaran,14.7,40737,36.49,52.11,Gharakhil,2020-08-01,MASA,164.15454769777682
Mazandaran,1294.3,40760,36.25,53.55,Kiyasar,2020-08-01,MASA,145.68777704882052
Mazandaran,1550.0,99348,36.39,51.73,Kojur,2020-08-01,MASA,256.36288846182254
Mazandaran,-20.9,40734,36.66,51.47,Nowshahr,2020-08-01,MASA,139.38384080576327
Mazandaran,610.0,99360,36.1,53.06,Polsefid,2020-08-01,MASA,99.65227866815951
Mazandaran,-20.0,40732,36.9,50.68,Ramsar,2020-08-01,MASA,203.04905200647738
Mazandaran,23.0,40759,36.54,53.0,Sari,2020-08-01,MASA,100.9117546145859
Mazandaran,16.7,40788,36.64,53.2,Sari (Dasht-E-Naz Airport),2020-08-01,MASA,70.63497925447848
Mazandaran,1855.4,40735,36.23,51.3,Siahbisheh,2020-08-01,MASA,102.37455690550235
Mazandaran,1805.0,99361,36.07,52.84,Alasht,2020-09-01,MASA,75.47122978017384
Mazandaran,23.7,99309,36.48,52.47,Amol,2020-09-01,MASA,30.19865595147664
Mazandaran,-21.0,40736,36.7,52.64,Babolsar,2020-09-01,MASA,11.056296456313675
Mazandaran,2120.0,99357,36.2,51.8,Baladeh,2020-09-01,MASA,96.18202589795644
Mazandaran,-20.0,99306,36.86,53.39,Bandar-E-Amirabad,2020-09-01,MASA,3.7409736995464016
Mazandaran,-10.0,99299,36.74,53.84,Galugah,2020-09-01,MASA,16.207002032256668
Mazandaran,14.7,40737,36.49,52.11,Gharakhil,2020-09-01,MASA,76.28808163449818
Mazandaran,1294.3,40760,36.25,53.55,Kiyasar,2020-09-01,MASA,53.029008138633316
Mazandaran,1550.0,99348,36.39,51.73,Kojur,2020-09-01,MASA,113.6236264590984
Mazandaran,-20.9,40734,36.66,51.47,Nowshahr,2020-09-01,MASA,70.09672366426045
Mazandaran,610.0,99360,36.1,53.06,Polsefid,2020-09-01,MASA,47.400988567328994
Mazandaran,-20.0,40732,36.9,50.68,Ramsar,2020-09-01,MASA,70.50716124818379
Mazandaran,23.0,40759,36.54,53.0,Sari,2020-09-01,MASA,30.096776712394302
Mazandaran,16.7,40788,36.64,53.2,Sari (Dasht-E-Naz Airport),2020-09-01,MASA,16.135848987556045
Mazandaran,1855.4,40735,36.23,51.3,Siahbisheh,2020-09-01,MASA,55.54754279897267
Mazandaran,1805.0,99361,36.07,52.84,Alasht,2020-10-01,MASA,78.77247462238657
Mazandaran,23.7,99309,36.48,52.47,Amol,2020-10-01,MASA,81.10605606998789
Mazandaran,-21.0,40736,36.7,52.64,Babolsar,2020-10-01,MASA,43.27112863029825
Mazandaran,2120.0,99357,36.2,51.8,Baladeh,2020-10-01,MASA,76.51955316032755
Mazandaran,-20.0,99306,36.86,53.39,Bandar-E-Amirabad,2020-10-01,MASA,77.59899327720987
Mazandaran,-10.0,99299,36.74,53.84,Galugah,2020-10-01,MASA,71.8645198103367
Mazandaran,14.7,40737,36.49,52.11,Gharakhil,2020-10-01,MASA,121.6830206867634
Mazandaran,1294.3,40760,36.25,53.55,Kiyasar,2020-10-01,MASA,73.49124977554666
Mazandaran,1550.0,99348,36.39,51.73,Kojur,2020-10-01,MASA,109.09511575664865
Mazandaran,-20.9,40734,36.66,51.47,Nowshahr,2020-10-01,MASA,104.73530421223032
Mazandaran,610.0,99360,36.1,53.06,Polsefid,2020-10-01,MASA,71.26637229885446
Mazandaran,-20.0,40732,36.9,50.68,Ramsar,2020-10-01,MASA,131.76499733890878
Mazandaran,23.0,40759,36.54,53.0,Sari,2020-10-01,MASA,76.8049700018345
Mazandaran,16.7,40788,36.64,53.2,Sari (Dasht-E-Naz Airport),2020-10-01,MASA,63.58665654625284
Mazandaran,1855.4,40735,36.23,51.3,Siahbisheh,2020-10-01,MASA,71.87559137310373
Mazandaran,1805.0,99361,36.07,52.84,Alasht,2020-11-01,MASA,108.76048158235108
Mazandaran,23.7,99309,36.48,52.47,Amol,2020-11-01,MASA,147.5988830191568
Mazandaran,-21.0,40736,36.7,52.64,Babolsar,2020-11-01,MASA,101.38601611680542
Mazandaran,2120.0,99357,36.2,51.8,Baladeh,2020-11-01,MASA,77.72535632676636
Mazandaran,-20.0,99306,36.86,53.39,Bandar-E-Amirabad,2020-11-01,MASA,68.79319797582184
Mazandaran,-10.0,99299,36.74,53.84,Galugah,2020-11-01,MASA,94.83874391145264
Mazandaran,14.7,40737,36.49,52.11,Gharakhil,2020-11-01,MASA,180.77384482450043
Mazandaran,1294.3,40760,36.25,53.55,Kiyasar,2020-11-01,MASA,85.67788253850495
Mazandaran,1550.0,99348,36.39,51.73,Kojur,2020-11-01,MASA,103.99200569219147
Mazandaran,-20.9,40734,36.66,51.47,Nowshahr,2020-11-01,MASA,248.88326774663483
Mazandaran,610.0,99360,36.1,53.06,Polsefid,2020-11-01,MASA,97.02911029881989
Mazandaran,-20.0,40732,36.9,50.68,Ramsar,2020-11-01,MASA,334.39614425725495
Mazandaran,23.0,40759,36.54,53.0,Sari,2020-11-01,MASA,95.63901077336823
Mazandaran,16.7,40788,36.64,53.2,Sari (Dasht-E-Naz Airport),2020-11-01,MASA,86.77574049062287
Mazandaran,1855.4,40735,36.23,51.3,Siahbisheh,2020-11-01,MASA,100.58495949334656
Mazandaran,1805.0,99361,36.07,52.84,Alasht,2020-12-01,MASA,113.3262639317536
Mazandaran,23.7,99309,36.48,52.47,Amol,2020-12-01,MASA,143.4635644230866
Mazandaran,-21.0,40736,36.7,52.64,Babolsar,2020-12-01,MASA,83.17439010477301
Mazandaran,2120.0,99357,36.2,51.8,Baladeh,2020-12-01,MASA,50.0756775412583
Mazandaran,-20.0,99306,36.86,53.39,Bandar-E-Amirabad,2020-12-01,MASA,66.61249449587103
Mazandaran,-10.0,99299,36.74,53.84,Galugah,2020-12-01,MASA,90.99824478960272
Mazandaran,14.7,40737,36.49,52.11,Gharakhil,2020-12-01,MASA,173.77887418604132
Mazandaran,1294.3,40760,36.25,53.55,Kiyasar,2020-12-01,MASA,102.69653549528357
Mazandaran,1550.0,99348,36.39,51.73,Kojur,2020-12-01,MASA,85.74107041692969
Mazandaran,-20.9,40734,36.66,51.47,Nowshahr,2020-12-01,MASA,225.1753931317353
Mazandaran,610.0,99360,36.1,53.06,Polsefid,2020-12-01,MASA,112.456274536612
Mazandaran,-20.0,40732,36.9,50.68,Ramsar,2020-12-01,MASA,217.64209618902441
Mazandaran,23.0,40759,36.54,53.0,Sari,2020-12-01,MASA,103.91443720197913
Mazandaran,16.7,40788,36.64,53.2,Sari (Dasht-E-Naz Airport),2020-12-01,MASA,95.59374800062415
Mazandaran,1855.4,40735,36.23,51.3,Siahbisheh,2020-12-01,MASA,40.40492823457953
Mazandaran,1805.0,99361,36.07,52.84,Alasht,2021-01-01,MASA,43.728186066289254
Mazandaran,23.7,99309,36.48,52.47,Amol,2021-01-01,MASA,52.693082268376656
Mazandaran,-21.0,40736,36.7,52.64,Babolsar,2021-01-01,MASA,39.6517946077779
Mazandaran,2120.0,99357,36.2,51.8,Baladeh,2021-01-01,MASA,28.51058381332905
Mazandaran,-20.0,99306,36.86,53.39,Bandar-E-Amirabad,2021-01-01,MASA,53.012965495724984
Mazandaran,-10.0,99299,36.74,53.84,Galugah,2021-01-01,MASA,48.470346505780526
Mazandaran,14.7,40737,36.49,52.11,Gharakhil,2021-01-01,MASA,59.95116966499836
Mazandaran,1294.3,40760,36.25,53.55,Kiyasar,2021-01-01,MASA,48.75713425411732
Mazandaran,1550.0,99348,36.39,51.73,Kojur,2021-01-01,MASA,36.81525426640064
Mazandaran,-20.9,40734,36.66,51.47,Nowshahr,2021-01-01,MASA,82.52863424553425
Mazandaran,610.0,99360,36.1,53.06,Polsefid,2021-01-01,MASA,46.01184862389118
Mazandaran,-20.0,40732,36.9,50.68,Ramsar,2021-01-01,MASA,48.118381078381844
Mazandaran,23.0,40759,36.54,53.0,Sari,2021-01-01,MASA,42.80008214249165
Mazandaran,16.7,40788,36.64,53.2,Sari (Dasht-E-Naz Airport),2021-01-01,MASA,46.83767097725422
Mazandaran,1855.4,40735,36.23,51.3,Siahbisheh,2021-01-01,MASA,34.11765235199482
Mazandaran,1805.0,99361,36.07,52.84,Alasht,2021-02-01,MASA,53.32484170630636
Mazandaran,23.7,99309,36.48,52.47,Amol,2021-02-01,MASA,71.41844257548513
Mazandaran,-21.0,40736,36.7,52.64,Babolsar,2021-02-01,MASA,34.887679664642235
Mazandaran,2120.0,99357,36.2,51.8,Baladeh,2021-02-01,MASA,63.88578638270559
Mazandaran,-20.0,99306,36.86,53.39,Bandar-E-Amirabad,2021-02-01,MASA,29.410787670165917
Mazandaran,-10.0,99299,36.74,53.84,Galugah,2021-02-01,MASA,37.08175644114675
Mazandaran,14.7,40737,36.49,52.11,Gharakhil,2021-02-01,MASA,91.6347138567275
Mazandaran,1294.3,40760,36.25,53.55,Kiyasar,2021-02-01,MASA,33.770688621551415
Mazandaran,1550.0,99348,36.39,51.73,Kojur,2021-02-01,MASA,64.04591426089468
Mazandaran,-20.9,40734,36.66,51.47,Nowshahr,2021-02-01,MASA,94.37915012076559
Mazandaran,610.0,99360,36.1,53.06,Polsefid,2021-02-01,MASA,50.86263343527975
Mazandaran,-20.0,40732,36.9,50.68,Ramsar,2021-02-01,MASA,102.04147621825399
Mazandaran,23.0,40759,36.54,53.0,Sari,2021-02-01,MASA,36.57006546691122
Mazandaran,16.7,40788,36.64,53.2,Sari (Dasht-E-Naz Airport),2021-02-01,MASA,29.83378693297567
Mazandaran,1855.4,40735,36.23,51.3,Siahbisheh,2021-02-01,MASA,81.40950724318685
Mazandaran,1805.0,99361,36.07,52.84,Alasht,2021-03-01,MASA,104.05855634085626
Mazandaran,23.7,99309,36.48,52.47,Amol,2021-03-01,MASA,94.06333424918145
Mazandaran,-21.0,40736,36.7,52.64,Babolsar,2021-03-01,MASA,55.29213704935998
Mazandaran,2120.0,99357,36.2,51.8,Baladeh,2021-03-01,MASA,74.60013785235375
Mazandaran,-20.0,99306,36.86,53.39,Bandar-E-Amirabad,2021-03-01,MASA,74.47148122660607
Mazandaran,-10.0,99299,36.74,53.84,Galugah,2021-03-01,MASA,94.47901704184503
Mazandaran,14.7,40737,36.49,52.11,Gharakhil,2021-03-01,MASA,109.7819433438012
Mazandaran,1294.3,40760,36.25,53.55,Kiyasar,2021-03-01,MASA,89.04717125765771
Mazandaran,1550.0,99348,36.39,51.73,Kojur,2021-03-01,MASA,84.76365365855187
Mazandaran,-20.9,40734,36.66,51.47,Nowshahr,2021-03-01,MASA,112.66426005236596
Mazandaran,610.0,99360,36.1,53.06,Polsefid,2021-03-01,MASA,88.17603447310418
Mazandaran,-20.0,40732,36.9,50.68,Ramsar,2021-03-01,MASA,130.36853828303308
Mazandaran,23.0,40759,36.54,53.0,Sari,2021-03-01,MASA,93.22985269896478
Mazandaran,16.7,40788,36.64,53.2,Sari (Dasht-E-Naz Airport),2021-03-01,MASA,92.20895924441308
Mazandaran,1855.4,40735,36.23,51.3,Siahbisheh,2021-03-01,MASA,94.37271215788812
Mazandaran,1805.0,99361,36.07,52.84,Alasht,2021-04-01,MASA,103.42703673360987
Mazandaran,23.7,99309,36.48,52.47,Amol,2021-04-01,MASA,43.55944606779261
Mazandaran,-21.0,40736,36.7,52.64,Babolsar,2021-04-01,MASA,15.758960576039982
Mazandaran,2120.0,99357,36.2,51.8,Baladeh,2021-04-01,MASA,78.25386437891169
Mazandaran,-20.0,99306,36.86,53.39,Bandar-E-Amirabad,2021-04-01,MASA,11.771484346372318
Mazandaran,-10.0,99299,36.74,53.84,Galugah,2021-04-01,MASA,35.778923959714604
Mazandaran,14.7,40737,36.49,52.11,Gharakhil,2021-04-01,MASA,83.13150617597742
Mazandaran,1294.3,40760,36.25,53.55,Kiyasar,2021-04-01,MASA,41.34759220598383
Mazandaran,1550.0,99348,36.39,51.73,Kojur,2021-04-01,MASA,112.15956422804041
Mazandaran,-20.9,40734,36.66,51.47,Nowshahr,2021-04-01,MASA,51.59704300878687
Mazandaran,610.0,99360,36.1,53.06,Polsefid,2021-04-01,MASA,85.51636251924677
Mazandaran,-20.0,40732,36.9,50.68,Ramsar,2021-04-01,MASA,46.263619394284916
Mazandaran,23.0,40759,36.54,53.0,Sari,2021-04-01,MASA,26.448144645673466
Mazandaran,16.7,40788,36.64,53.2,Sari (Dasht-E-Naz Airport),2021-04-01,MASA,17.52765390394373
Mazandaran,1855.4,40735,36.23,51.3,Siahbisheh,2021-04-01,MASA,65.83255443094416
Mazandaran,1805.0,99361,36.07,52.84,Alasht,2021-05-01,MASA,149.62732650601396
Mazandaran,23.7,99309,36.48,52.47,Amol,2021-05-01,MASA,88.8093248780919
Mazandaran,-21.0,40736,36.7,52.64,Babolsar,2021-05-01,MASA,27.4358079608632
Mazandaran,2120.0,99357,36.2,51.8,Baladeh,2021-05-01,MASA,156.03506423794755
Mazandaran,-20.0,99306,36.86,53.39,Bandar-E-Amirabad,2021-05-01,MASA,39.07601394021043
Mazandaran,-10.0,99299,36.74,53.84,Galugah,2021-05-01,MASA,110.54162539803514
Mazandaran,14.7,40737,36.49,52.11,Gharakhil,2021-05-01,MASA,128.28397609555253
Mazandaran,1294.3,40760,36.25,53.55,Kiyasar,2021-05-01,MASA,99.90726270043382
Mazandaran,1550.0,99348,36.39,51.73,Kojur,2021-05-01,MASA,161.47617854439744
Mazandaran,-20.9,40734,36.66,51.47,Nowshahr,2021-05-01,MASA,75.54656125866899
Mazandaran,610.0,99360,36.1,53.06,Polsefid,2021-05-01,MASA,126.4222399171544
Mazandaran,-20.0,40732,36.9,50.68,Ramsar,2021-05-01,MASA,76.41151406132707
Mazandaran,23.0,40759,36.54,53.0,Sari,2021-05-01,MASA,55.63860990368852
Mazandaran,16.7,40788,36.64,53.2,Sari (Dasht-E-Naz Airport),2021-05-01,MASA,49.07521464192399
Mazandaran,1855.4,40735,36.23,51.3,Siahbisheh,2021-05-01,MASA,141.5662453349782
Mazandaran,1805.0,99361,36.07,52.84,Alasht,2021-06-01,MASA,14.751056705772925
Mazandaran,23.7,99309,36.48,52.47,Amol,2021-06-01,MASA,10.23025301581626
Mazandaran,-21.0,40736,36.7,52.64,Babolsar,2021-06-01,MASA,2.316007887184668
Mazandaran,2120.0,99357,36.2,51.8,Baladeh,2021-06-01,MASA,34.694025789558935
Mazandaran,-20.0,99306,36.86,53.39,Bandar-E-Amirabad,2021-06-01,MASA,5.302424107849646
Mazandaran,-10.0,99299,36.74,53.84,Galugah,2021-06-01,MASA,18.980304275810767
Mazandaran,14.7,40737,36.49,52.11,Gharakhil,2021-06-01,MASA,20.674849425613928
Mazandaran,1294.3,40760,36.25,53.55,Kiyasar,2021-06-01,MASA,8.753920470535803
Mazandaran,1550.0,99348,36.39,51.73,Kojur,2021-06-01,MASA,30.675540243446875
Mazandaran,-20.9,40734,36.66,51.47,Nowshahr,2021-06-01,MASA,33.37783602362876
Mazandaran,610.0,99360,36.1,53.06,Polsefid,2021-06-01,MASA,11.94473591929679
Mazandaran,-20.0,40732,36.9,50.68,Ramsar,2021-06-01,MASA,16.108045851051855
Mazandaran,23.0,40759,36.54,53.0,Sari,2021-06-01,MASA,9.792486702263403
Mazandaran,16.7,40788,36.64,53.2,Sari (Dasht-E-Naz Airport),2021-06-01,MASA,7.572675620377112
Mazandaran,1855.4,40735,36.23,51.3,Siahbisheh,2021-06-01,MASA,22.429520760834265
Mazandaran,1805.0,99361,36.07,52.84,Alasht,2021-07-01,MASA,76.72346325506396
Mazandaran,23.7,99309,36.48,52.47,Amol,2021-07-01,MASA,116.714484411375
Mazandaran,-21.0,40736,36.7,52.64,Babolsar,2021-07-01,MASA,32.90107043375201
Mazandaran,2120.0,99357,36.2,51.8,Baladeh,2021-07-01,MASA,233.50491316904254
Mazandaran,-20.0,99306,36.86,53.39,Bandar-E-Amirabad,2021-07-01,MASA,39.44551141847796
Mazandaran,-10.0,99299,36.74,53.84,Galugah,2021-07-01,MASA,65.56906493295855
Mazandaran,14.7,40737,36.49,52.11,Gharakhil,2021-07-01,MASA,193.80425603975482
Mazandaran,1294.3,40760,36.25,53.55,Kiyasar,2021-07-01,MASA,120.61477394689746
Mazandaran,1550.0,99348,36.39,51.73,Kojur,2021-07-01,MASA,336.981139498846
Mazandaran,-20.9,40734,36.66,51.47,Nowshahr,2021-07-01,MASA,155.64861090769
Mazandaran,610.0,99360,36.1,53.06,Polsefid,2021-07-01,MASA,66.27308519472308
Mazandaran,-20.0,40732,36.9,50.68,Ramsar,2021-07-01,MASA,131.95865543474383
Mazandaran,23.0,40759,36.54,53.0,Sari,2021-07-01,MASA,97.19770343889422
Mazandaran,16.7,40788,36.64,53.2,Sari (Dasht-E-Naz Airport),2021-07-01,MASA,69.836563783781
Mazandaran,1855.4,40735,36.23,51.3,Siahbisheh,2021-07-01,MASA,123.76842589964099
Mazandaran,1805.0,99361,36.07,52.84,Alasht,2021-08-01,MASA,14.485998760342511
Mazandaran,23.7,99309,36.48,52.47,Amol,2021-08-01,MASA,12.544481764912518
Mazandaran,-21.0,40736,36.7,52.64,Babolsar,2021-08-01,MASA,2.548753033757123
Mazandaran,2120.0,99357,36.2,51.8,Baladeh,2021-08-01,MASA,148.46727133858195
Mazandaran,-20.0,99306,36.86,53.39,Bandar-E-Amirabad,2021-08-01,MASA,0.332995067715558
Mazandaran,-10.0,99299,36.74,53.84,Galugah,2021-08-01,MASA,3.4590649710892762
Mazandaran,14.7,40737,36.49,52.11,Gharakhil,2021-08-01,MASA,32.1343827353715
Mazandaran,1294.3,40760,36.25,53.55,Kiyasar,2021-08-01,MASA,17.45816947090617
Mazandaran,1550.0,99348,36.39,51.73,Kojur,2021-08-01,MASA,90.581117879033
Mazandaran,-20.9,40734,36.66,51.47,Nowshahr,2021-08-01,MASA,41.36751474010936
Mazandaran,610.0,99360,36.1,53.06,Polsefid,2021-08-01,MASA,9.376420389294537
Mazandaran,-20.0,40732,36.9,50.68,Ramsar,2021-08-01,MASA,45.16091824638835
Mazandaran,23.0,40759,36.54,53.0,Sari,2021-08-01,MASA,11.637313972592267
Mazandaran,16.7,40788,36.64,53.2,Sari (Dasht-E-Naz Airport),2021-08-01,MASA,5.542381416439923
Mazandaran,1855.4,40735,36.23,51.3,Siahbisheh,2021-08-01,MASA,129.000826488614
Mazandaran,1805.0,99361,36.07,52.84,Alasht,2021-09-01,MASA,129.95642364592186
Mazandaran,23.7,99309,36.48,52.47,Amol,2021-09-01,MASA,131.42108858198753
Mazandaran,-21.0,40736,36.7,52.64,Babolsar,2021-09-01,MASA,66.15631223291984
Mazandaran,2120.0,99357,36.2,51.8,Baladeh,2021-09-01,MASA,112.61570394606224
Mazandaran,-20.0,99306,36.86,53.39,Bandar-E-Amirabad,2021-09-01,MASA,47.65362978548637
Mazandaran,-10.0,99299,36.74,53.84,Galugah,2021-09-01,MASA,115.82274675936333
Mazandaran,14.7,40737,36.49,52.11,Gharakhil,2021-09-01,MASA,201.2405240592443
Mazandaran,1294.3,40760,36.25,53.55,Kiyasar,2021-09-01,MASA,81.91724062533012
Mazandaran,1550.0,99348,36.39,51.73,Kojur,2021-09-01,MASA,231.02971852392784
Mazandaran,-20.9,40734,36.66,51.47,Nowshahr,2021-09-01,MASA,148.39203596682182
Mazandaran,610.0,99360,36.1,53.06,Polsefid,2021-09-01,MASA,100.53603292078606
Mazandaran,-20.0,40732,36.9,50.68,Ramsar,2021-09-01,MASA,214.66503978342644
Mazandaran,23.0,40759,36.54,53.0,Sari,2021-09-01,MASA,104.26960826487175
Mazandaran,16.7,40788,36.64,53.2,Sari (Dasht-E-Naz Airport),2021-09-01,MASA,76.63477898211113
Mazandaran,1855.4,40735,36.23,51.3,Siahbisheh,2021-09-01,MASA,48.36213529677025
Mazandaran,1805.0,99361,36.07,52.84,Alasht,2021-10-01,MASA,118.6867912684022
Mazandaran,23.7,99309,36.48,52.47,Amol,2021-10-01,MASA,111.85466846566783
Mazandaran,-21.0,40736,36.7,52.64,Babolsar,2021-10-01,MASA,78.42440506559001
Mazandaran,2120.0,99357,36.2,51.8,Baladeh,2021-10-01,MASA,81.75409933667765
Mazandaran,-20.0,99306,36.86,53.39,Bandar-E-Amirabad,2021-10-01,MASA,131.7214181099473
Mazandaran,-10.0,99299,36.74,53.84,Galugah,2021-10-01,MASA,98.73254200559245
Mazandaran,14.7,40737,36.49,52.11,Gharakhil,2021-10-01,MASA,178.40547463040934
Mazandaran,1294.3,40760,36.25,53.55,Kiyasar,2021-10-01,MASA,83.53164395433055
Mazandaran,1550.0,99348,36.39,51.73,Kojur,2021-10-01,MASA,160.17800172906504
Mazandaran,-20.9,40734,36.66,51.47,Nowshahr,2021-10-01,MASA,190.40472408872233
Mazandaran,610.0,99360,36.1,53.06,Polsefid,2021-10-01,MASA,100.04616877179728
Mazandaran,-20.0,40732,36.9,50.68,Ramsar,2021-10-01,MASA,270.65911492448436
Mazandaran,23.0,40759,36.54,53.0,Sari,2021-10-01,MASA,108.99522503953563
Mazandaran,16.7,40788,36.64,53.2,Sari (Dasht-E-Naz Airport),2021-10-01,MASA,99.29644664865123
Mazandaran,1855.4,40735,36.23,51.3,Siahbisheh,2021-10-01,MASA,64.7774895105897
Mazandaran,1805.0,99361,36.07,52.84,Alasht,2021-11-01,MASA,85.46223166261058
Mazandaran,23.7,99309,36.48,52.47,Amol,2021-11-01,MASA,169.10535517011027
Mazandaran,-21.0,40736,36.7,52.64,Babolsar,2021-11-01,MASA,131.91318931851725
Mazandaran,2120.0,99357,36.2,51.8,Baladeh,2021-11-01,MASA,98.03277673993449
Mazandaran,-20.0,99306,36.86,53.39,Bandar-E-Amirabad,2021-11-01,MASA,63.63606872830729
Mazandaran,-10.0,99299,36.74,53.84,Galugah,2021-11-01,MASA,58.801208165029095
Mazandaran,14.7,40737,36.49,52.11,Gharakhil,2021-11-01,MASA,202.66509475980143
Mazandaran,1294.3,40760,36.25,53.55,Kiyasar,2021-11-01,MASA,79.75341799531321
Mazandaran,1550.0,99348,36.39,51.73,Kojur,2021-11-01,MASA,139.10441520486216
Mazandaran,-20.9,40734,36.66,51.47,Nowshahr,2021-11-01,MASA,271.3706535366569
Mazandaran,610.0,99360,36.1,53.06,Polsefid,2021-11-01,MASA,73.55507138047557
Mazandaran,-20.0,40732,36.9,50.68,Ramsar,2021-11-01,MASA,291.38330045018535
Mazandaran,23.0,40759,36.54,53.0,Sari,2021-11-01,MASA,119.78178146157603
Mazandaran,16.7,40788,36.64,53.2,Sari (Dasht-E-Naz Airport),2021-11-01,MASA,95.25591554913859
Mazandaran,1855.4,40735,36.23,51.3,Siahbisheh,2021-11-01,MASA,97.87263396058421
Mazandaran,1805.0,99361,36.07,52.84,Alasht,2021-12-01,MASA,56.756122315658075
Mazandaran,23.7,99309,36.48,52.47,Amol,2021-12-01,MASA,67.76819964720104
Mazandaran,-21.0,40736,36.7,52.64,Babolsar,2021-12-01,MASA,33.07725330664013
Mazandaran,2120.0,99357,36.2,51.8,Baladeh,2021-12-01,MASA,38.42967590166424
Mazandaran,-20.0,99306,36.86,53.39,Bandar-E-Amirabad,2021-12-01,MASA,42.44923433138226
Mazandaran,-10.0,99299,36.74,53.84,Galugah,2021-12-01,MASA,44.664694274199945
Mazandaran,14.7,40737,36.49,52.11,Gharakhil,2021-12-01,MASA,75.83635886980389
Mazandaran,1294.3,40760,36.25,53.55,Kiyasar,2021-12-01,MASA,46.22566541506146
Mazandaran,1550.0,99348,36.39,51.73,Kojur,2021-12-01,MASA,43.18128367735241
Mazandaran,-20.9,40734,36.66,51.47,Nowshahr,2021-12-01,MASA,68.20423742605541
Mazandaran,610.0,99360,36.1,53.06,Polsefid,2021-12-01,MASA,49.185050929320795
Mazandaran,-20.0,40732,36.9,50.68,Ramsar,2021-12-01,MASA,85.9172924406657
Mazandaran,23.0,40759,36.54,53.0,Sari,2021-12-01,MASA,49.578992927802545
Mazandaran,16.7,40788,36.64,53.2,Sari (Dasht-E-Naz Airport),2021-12-01,MASA,45.02576431108807
Mazandaran,1855.4,40735,36.23,51.3,Siahbisheh,2021-12-01,MASA,68.3399124987254
Mazandaran,1805.0,99361,36.07,52.84,Alasht,2022-01-01,MASA,94.06566624651447
Mazandaran,23.7,99309,36.48,52.47,Amol,2022-01-01,MASA,137.81961058388248
Mazandaran,-21.0,40736,36.7,52.64,Babolsar,2022-01-01,MASA,99.75329791317478
Mazandaran,2120.0,99357,36.2,51.8,Baladeh,2022-01-01,MASA,56.067608344655184
Mazandaran,-20.0,99306,36.86,53.39,Bandar-E-Amirabad,2022-01-01,MASA,122.00108920345798
Mazandaran,-10.0,99299,36.74,53.84,Galugah,2022-01-01,MASA,112.61425917158618
Mazandaran,14.7,40737,36.49,52.11,Gharakhil,2022-01-01,MASA,152.99788867245212
Mazandaran,1294.3,40760,36.25,53.55,Kiyasar,2022-01-01,MASA,99.82773666391864
Mazandaran,1550.0,99348,36.39,51.73,Kojur,2022-01-01,MASA,75.08640741119876
Mazandaran,-20.9,40734,36.66,51.47,Nowshahr,2022-01-01,MASA,183.37957565794483
Mazandaran,610.0,99360,36.1,53.06,Polsefid,2022-01-01,MASA,92.54857157478824
Mazandaran,-20.0,40732,36.9,50.68,Ramsar,2022-01-01,MASA,154.72133462439075
Mazandaran,23.0,40759,36.54,53.0,Sari,2022-01-01,MASA,127.77753179083362
Mazandaran,16.7,40788,36.64,53.2,Sari (Dasht-E-Naz Airport),2022-01-01,MASA,122.49965225468173
Mazandaran,1855.4,40735,36.23,51.3,Siahbisheh,2022-01-01,MASA,90.26763592968479
Mazandaran,1805.0,99361,36.07,52.84,Alasht,2022-02-01,MASA,76.19941836692945
Mazandaran,23.7,99309,36.48,52.47,Amol,2022-02-01,MASA,82.12216800548688
Mazandaran,-21.0,40736,36.7,52.64,Babolsar,2022-02-01,MASA,43.19729513027326
Mazandaran,2120.0,99357,36.2,51.8,Baladeh,2022-02-01,MASA,35.86133426525251
Mazandaran,-20.0,99306,36.86,53.39,Bandar-E-Amirabad,2022-02-01,MASA,55.887660444756904
Mazandaran,-10.0,99299,36.74,53.84,Galugah,2022-02-01,MASA,95.01001840927259
Mazandaran,14.7,40737,36.49,52.11,Gharakhil,2022-02-01,MASA,101.73439091541425
Mazandaran,1294.3,40760,36.25,53.55,Kiyasar,2022-02-01,MASA,73.80818432666914
Mazandaran,1550.0,99348,36.39,51.73,Kojur,2022-02-01,MASA,51.46004861690656
Mazandaran,-20.9,40734,36.66,51.47,Nowshahr,2022-02-01,MASA,89.84561866619245
Mazandaran,610.0,99360,36.1,53.06,Polsefid,2022-02-01,MASA,82.35233134128706
Mazandaran,-20.0,40732,36.9,50.68,Ramsar,2022-02-01,MASA,135.14537221290723
Mazandaran,23.0,40759,36.54,53.0,Sari,2022-02-01,MASA,65.20443266727582
Mazandaran,16.7,40788,36.64,53.2,Sari (Dasht-E-Naz Airport),2022-02-01,MASA,67.43617957927839
Mazandaran,1855.4,40735,36.23,51.3,Siahbisheh,2022-02-01,MASA,47.59304827549116
Mazandaran,1805.0,99361,36.07,52.84,Alasht,2022-03-01,MASA,120.37957747149264
Mazandaran,23.7,99309,36.48,52.47,Amol,2022-03-01,MASA,104.434977366207
Mazandaran,-21.0,40736,36.7,52.64,Babolsar,2022-03-01,MASA,43.32367618250643
Mazandaran,2120.0,99357,36.2,51.8,Baladeh,2022-03-01,MASA,95.17484445738589
Mazandaran,-20.0,99306,36.86,53.39,Bandar-E-Amirabad,2022-03-01,MASA,57.818721129176964
Mazandaran,-10.0,99299,36.74,53.84,Galugah,2022-03-01,MASA,56.41911466288363
Mazandaran,14.7,40737,36.49,52.11,Gharakhil,2022-03-01,MASA,160.457487298725
Mazandaran,1294.3,40760,36.25,53.55,Kiyasar,2022-03-01,MASA,48.776338888881554
Mazandaran,1550.0,99348,36.39,51.73,Kojur,2022-03-01,MASA,122.18999405073916
Mazandaran,-20.9,40734,36.66,51.47,Nowshahr,2022-03-01,MASA,149.80181594061648
Mazandaran,610.0,99360,36.1,53.06,Polsefid,2022-03-01,MASA,93.25587291884219
Mazandaran,-20.0,40732,36.9,50.68,Ramsar,2022-03-01,MASA,190.733845426319
Mazandaran,23.0,40759,36.54,53.0,Sari,2022-03-01,MASA,62.711413099048485
Mazandaran,16.7,40788,36.64,53.2,Sari (Dasht-E-Naz Airport),2022-03-01,MASA,52.2571756379584
Mazandaran,1855.4,40735,36.23,51.3,Siahbisheh,2022-03-01,MASA,145.92319269346987
Mazandaran,1805.0,99361,36.07,52.84,Alasht,2022-04-01,MASA,174.87098089198128
Mazandaran,23.7,99309,36.48,52.47,Amol,2022-04-01,MASA,65.6061302755262
Mazandaran,-21.0,40736,36.7,52.64,Babolsar,2022-04-01,MASA,19.775999698438795
Mazandaran,2120.0,99357,36.2,51.8,Baladeh,2022-04-01,MASA,98.1533508632566
Mazandaran,-20.0,99306,36.86,53.39,Bandar-E-Amirabad,2022-04-01,MASA,29.025731596746596
Mazandaran,-10.0,99299,36.74,53.84,Galugah,2022-04-01,MASA,100.12496820429817
Mazandaran,14.7,40737,36.49,52.11,Gharakhil,2022-04-01,MASA,112.08975127676979
Mazandaran,1294.3,40760,36.25,53.55,Kiyasar,2022-04-01,MASA,91.61203912238136
Mazandaran,1550.0,99348,36.39,51.73,Kojur,2022-04-01,MASA,168.83784345129982
Mazandaran,-20.9,40734,36.66,51.47,Nowshahr,2022-04-01,MASA,37.137715134420546
Mazandaran,610.0,99360,36.1,53.06,Polsefid,2022-04-01,MASA,174.49340036849037
Mazandaran,-20.0,40732,36.9,50.68,Ramsar,2022-04-01,MASA,37.79788127879158
Mazandaran,23.0,40759,36.54,53.0,Sari,2022-04-01,MASA,48.77359977702156
Mazandaran,16.7,40788,36.64,53.2,Sari (Dasht-E-Naz Airport),2022-04-01,MASA,38.989095005788954
Mazandaran,1855.4,40735,36.23,51.3,Siahbisheh,2022-04-01,MASA,77.88207939604774
Mazandaran,1805.0,99361,36.07,52.84,Alasht,2022-05-01,MASA,99.0529893349752
Mazandaran,23.7,99309,36.48,52.47,Amol,2022-05-01,MASA,82.19135686865897
Mazandaran,-21.0,40736,36.7,52.64,Babolsar,2022-05-01,MASA,34.50349852553458
Mazandaran,2120.0,99357,36.2,51.8,Baladeh,2022-05-01,MASA,120.70756539813132
Mazandaran,-20.0,99306,36.86,53.39,Bandar-E-Amirabad,2022-05-01,MASA,40.353441090498876
Mazandaran,-10.0,99299,36.74,53.84,Galugah,2022-05-01,MASA,93.49753841868491
Mazandaran,14.7,40737,36.49,52.11,Gharakhil,2022-05-01,MASA,142.96298608294578
Mazandaran,1294.3,40760,36.25,53.55,Kiyasar,2022-05-01,MASA,90.87615594378562
Mazandaran,1550.0,99348,36.39,51.73,Kojur,2022-05-01,MASA,150.6373821210012
Mazandaran,-20.9,40734,36.66,51.47,Nowshahr,2022-05-01,MASA,82.10369333735557
Mazandaran,610.0,99360,36.1,53.06,Polsefid,2022-05-01,MASA,98.87831792346091
Mazandaran,-20.0,40732,36.9,50.68,Ramsar,2022-05-01,MASA,92.4115268897161
Mazandaran,23.0,40759,36.54,53.0,Sari,2022-05-01,MASA,76.31773635855765
Mazandaran,16.7,40788,36.64,53.2,Sari (Dasht-E-Naz Airport),2022-05-01,MASA,62.09168717375846
Mazandaran,1855.4,40735,36.23,51.3,Siahbisheh,2022-05-01,MASA,94.6833877276525
Mazandaran,1805.0,99361,36.07,52.84,Alasht,2022-06-01,MASA,18.32565376366091
Mazandaran,23.7,99309,36.48,52.47,Amol,2022-06-01,MASA,15.660894008526327
Mazandaran,-21.0,40736,36.7,52.64,Babolsar,2022-06-01,MASA,1.108509393581869
Mazandaran,2120.0,99357,36.2,51.8,Baladeh,2022-06-01,MASA,70.03313014114809
Mazandaran,-20.0,99306,36.86,53.39,Bandar-E-Amirabad,2022-06-01,MASA,0.22466191852998918
Mazandaran,-10.0,99299,36.74,53.84,Galugah,2022-06-01,MASA,1.4212847670407314
Mazandaran,14.7,40737,36.49,52.11,Gharakhil,2022-06-01,MASA,37.00793990696383
Mazandaran,1294.3,40760,36.25,53.55,Kiyasar,2022-06-01,MASA,7.086020799526693
Mazandaran,1550.0,99348,36.39,51.73,Kojur,2022-06-01,MASA,50.8540243824811
Mazandaran,-20.9,40734,36.66,51.47,Nowshahr,2022-06-01,MASA,18.178907128223898
Mazandaran,610.0,99360,36.1,53.06,Polsefid,2022-06-01,MASA,13.451394530186178
Mazandaran,-20.0,40732,36.9,50.68,Ramsar,2022-06-01,MASA,17.851826640018942
Mazandaran,23.0,40759,36.54,53.0,Sari,2022-06-01,MASA,7.573706003078939
Mazandaran,16.7,40788,36.64,53.2,Sari (Dasht-E-Naz Airport),2022-06-01,MASA,3.473144861111166
Mazandaran,1855.4,40735,36.23,51.3,Siahbisheh,2022-06-01,MASA,42.48651573265505
Mazandaran,1805.0,99361,36.07,52.84,Alasht,2022-07-01,MASA,50.57416351166566
Mazandaran,23.7,99309,36.48,52.47,Amol,2022-07-01,MASA,42.446787074478465
Mazandaran,-21.0,40736,36.7,52.64,Babolsar,2022-07-01,MASA,9.615148023041087
Mazandaran,2120.0,99357,36.2,51.8,Baladeh,2022-07-01,MASA,94.3997302803119
Mazandaran,-20.0,99306,36.86,53.39,Bandar-E-Amirabad,2022-07-01,MASA,20.068312600525218
Mazandaran,-10.0,99299,36.74,53.84,Galugah,2022-07-01,MASA,35.73539347973664
Mazandaran,14.7,40737,36.49,52.11,Gharakhil,2022-07-01,MASA,70.55596502152284
Mazandaran,1294.3,40760,36.25,53.55,Kiyasar,2022-07-01,MASA,51.17968709793885
Mazandaran,1550.0,99348,36.39,51.73,Kojur,2022-07-01,MASA,101.44656391468843
Mazandaran,-20.9,40734,36.66,51.47,Nowshahr,2022-07-01,MASA,35.9723815473636
Mazandaran,610.0,99360,36.1,53.06,Polsefid,2022-07-01,MASA,46.69041426506837
Mazandaran,-20.0,40732,36.9,50.68,Ramsar,2022-07-01,MASA,52.581215814026194
Mazandaran,23.0,40759,36.54,53.0,Sari,2022-07-01,MASA,34.9425324949344
Mazandaran,16.7,40788,36.64,53.2,Sari (Dasht-E-Naz Airport),2022-07-01,MASA,21.00747318592866
Mazandaran,1855.4,40735,36.23,51.3,Siahbisheh,2022-07-01,MASA,76.82904095974763
Mazandaran,1805.0,99361,36.07,52.84,Alasht,2022-08-01,MASA,29.95167227105
Mazandaran,23.7,99309,36.48,52.47,Amol,2022-08-01,MASA,24.020890906609083
Mazandaran,-21.0,40736,36.7,52.64,Babolsar,2022-08-01,MASA,3.294239953316236
Mazandaran,2120.0,99357,36.2,51.8,Baladeh,2022-08-01,MASA,51.485399916924024
Mazandaran,-20.0,99306,36.86,53.39,Bandar-E-Amirabad,2022-08-01,MASA,8.256416037834668
Mazandaran,-10.0,99299,36.74,53.84,Galugah,2022-08-01,MASA,6.2906697543034795
Mazandaran,14.7,40737,36.49,52.11,Gharakhil,2022-08-01,MASA,43.322573617256666
Mazandaran,1294.3,40760,36.25,53.55,Kiyasar,2022-08-01,MASA,14.768104270256543
Mazandaran,1550.0,99348,36.39,51.73,Kojur,2022-08-01,MASA,41.93868787602284
Mazandaran,-20.9,40734,36.66,51.47,Nowshahr,2022-08-01,MASA,36.8808612378011
Mazandaran,610.0,99360,36.1,53.06,Polsefid,2022-08-01,MASA,20.550186947144056
Mazandaran,-20.0,40732,36.9,50.68,Ramsar,2022-08-01,MASA,24.38301892594197
Mazandaran,23.0,40759,36.54,53.0,Sari,2022-08-01,MASA,16.122649625099683
Mazandaran,16.7,40788,36.64,53.2,Sari (Dasht-E-Naz Airport),2022-08-01,MASA,8.806969240463758
Mazandaran,1855.4,40735,36.23,51.3,Siahbisheh,2022-08-01,MASA,48.85510654763081
Mazandaran,1805.0,99361,36.07,52.84,Alasht,2022-09-01,MASA,82.0742399652552
Mazandaran,23.7,99309,36.48,52.47,Amol,2022-09-01,MASA,71.71562325554603
Mazandaran,-21.0,40736,36.7,52.64,Babolsar,2022-09-01,MASA,27.976065989310683
Mazandaran,2120.0,99357,36.2,51.8,Baladeh,2022-09-01,MASA,103.14458620148415
Mazandaran,-20.0,99306,36.86,53.39,Bandar-E-Amirabad,2022-09-01,MASA,29.02047347622627
Mazandaran,-10.0,99299,36.74,53.84,Galugah,2022-09-01,MASA,78.59948288994545
Mazandaran,14.7,40737,36.49,52.11,Gharakhil,2022-09-01,MASA,136.50311541157478
Mazandaran,1294.3,40760,36.25,53.55,Kiyasar,2022-09-01,MASA,54.25013613301033
Mazandaran,1550.0,99348,36.39,51.73,Kojur,2022-09-01,MASA,199.73504554825539
Mazandaran,-20.9,40734,36.66,51.47,Nowshahr,2022-09-01,MASA,136.2415255268168
Mazandaran,610.0,99360,36.1,53.06,Polsefid,2022-09-01,MASA,52.65566718178505
Mazandaran,-20.0,40732,36.9,50.68,Ramsar,2022-09-01,MASA,222.51003992157692
Mazandaran,23.0,40759,36.54,53.0,Sari,2022-09-01,MASA,75.15437912541145
Mazandaran,16.7,40788,36.64,53.2,Sari (Dasht-E-Naz Airport),2022-09-01,MASA,48.12048387127632
Mazandaran,1855.4,40735,36.23,51.3,Siahbisheh,2022-09-01,MASA,46.69719945984596
Mazandaran,1805.0,99361,36.07,52.84,Alasht,2022-10-01,MASA,160.58776173976597
Mazandaran,23.7,99309,36.48,52.47,Amol,2022-10-01,MASA,118.13997123626407
Mazandaran,-21.0,40736,36.7,52.64,Babolsar,2022-10-01,MASA,48.24057612804111
Mazandaran,2120.0,99357,36.2,51.8,Baladeh,2022-10-01,MASA,78.42238638786014
Mazandaran,-20.0,99306,36.86,53.39,Bandar-E-Amirabad,2022-10-01,MASA,67.03882310775455
Mazandaran,-10.0,99299,36.74,53.84,Galugah,2022-10-01,MASA,105.3416619100922
Mazandaran,14.7,40737,36.49,52.11,Gharakhil,2022-10-01,MASA,207.0952693024033
Mazandaran,1294.3,40760,36.25,53.55,Kiyasar,2022-10-01,MASA,87.44845185664829
Mazandaran,1550.0,99348,36.39,51.73,Kojur,2022-10-01,MASA,169.64686308292087
Mazandaran,-20.9,40734,36.66,51.47,Nowshahr,2022-10-01,MASA,152.4242499866837
Mazandaran,610.0,99360,36.1,53.06,Polsefid,2022-10-01,MASA,132.52251241592106
Mazandaran,-20.0,40732,36.9,50.68,Ramsar,2022-10-01,MASA,216.99418518928226
Mazandaran,23.0,40759,36.54,53.0,Sari,2022-10-01,MASA,90.68164620784458
Mazandaran,16.7,40788,36.64,53.2,Sari (Dasht-E-Naz Airport),2022-10-01,MASA,73.95010087875065
Mazandaran,1855.4,40735,36.23,51.3,Siahbisheh,2022-10-01,MASA,55.690590480839575
Mazandaran,1805.0,99361,36.07,52.84,Alasht,2022-11-01,MASA,66.83808927459722
Mazandaran,23.7,99309,36.48,52.47,Amol,2022-11-01,MASA,85.06656055374151
Mazandaran,-21.0,40736,36.7,52.64,Babolsar,2022-11-01,MASA,48.69670038146978
Mazandaran,2120.0,99357,36.2,51.8,Baladeh,2022-11-01,MASA,32.97838931007391
Mazandaran,-20.0,99306,36.86,53.39,Bandar-E-Amirabad,2022-11-01,MASA,32.18175833148962
Mazandaran,-10.0,99299,36.74,53.84,Galugah,2022-11-01,MASA,30.397627400589045
Mazandaran,14.7,40737,36.49,52.11,Gharakhil,2022-11-01,MASA,123.96118407173162
Mazandaran,1294.3,40760,36.25,53.55,Kiyasar,2022-11-01,MASA,24.520505117607172
Mazandaran,1550.0,99348,36.39,51.73,Kojur,2022-11-01,MASA,64.63863317890173
Mazandaran,-20.9,40734,36.66,51.47,Nowshahr,2022-11-01,MASA,151.24021832866674
Mazandaran,610.0,99360,36.1,53.06,Polsefid,2022-11-01,MASA,53.27770476264959
Mazandaran,-20.0,40732,36.9,50.68,Ramsar,2022-11-01,MASA,196.95431356353765
Mazandaran,23.0,40759,36.54,53.0,Sari,2022-11-01,MASA,40.64385955257421
Mazandaran,16.7,40788,36.64,53.2,Sari (Dasht-E-Naz Airport),2022-11-01,MASA,33.08493261260992
Mazandaran,1855.4,40735,36.23,51.3,Siahbisheh,2022-11-01,MASA,37.57322196884161
Mazandaran,1805.0,99361,36.07,52.84,Alasht,2022-12-01,MASA,74.08418052102661
Mazandaran,23.7,99309,36.48,52.47,Amol,2022-12-01,MASA,104.33059476520157
Mazandaran,-21.0,40736,36.7,52.64,Babolsar,2022-12-01,MASA,49.316394256607055
Mazandaran,2120.0,99357,36.2,51.8,Baladeh,2022-12-01,MASA,37.61153213883972
Mazandaran,-20.0,99306,36.86,53.39,Bandar-E-Amirabad,2022-12-01,MASA,26.98616229201889
Mazandaran,-10.0,99299,36.74,53.84,Galugah,2022-12-01,MASA,39.5659237375412
Mazandaran,14.7,40737,36.49,52.11,Gharakhil,2022-12-01,MASA,157.6926588287506
Mazandaran,1294.3,40760,36.25,53.55,Kiyasar,2022-12-01,MASA,58.38831059838867
Mazandaran,1550.0,99348,36.39,51.73,Kojur,2022-12-01,MASA,69.61979262734985
Mazandaran,-20.9,40734,36.66,51.47,Nowshahr,2022-12-01,MASA,239.10257511045074
Mazandaran,610.0,99360,36.1,53.06,Polsefid,2022-12-01,MASA,69.4041057696495
Mazandaran,-20.0,40732,36.9,50.68,Ramsar,2022-12-01,MASA,304.8908367028389
Mazandaran,23.0,40759,36.54,53.0,Sari,2022-12-01,MASA,58.06763015891647
Mazandaran,16.7,40788,36.64,53.2,Sari (Dasht-E-Naz Airport),2022-12-01,MASA,43.02564554120636
Mazandaran,1855.4,40735,36.23,51.3,Siahbisheh,2022-12-01,MASA,42.830321120277404
Mazandaran,1805.0,99361,36.07,52.84,Alasht,2023-01-01,MASA,38.18373711449752
Mazandaran,23.7,99309,36.48,52.47,Amol,2023-01-01,MASA,42.03296037060866
Mazandaran,-21.0,40736,36.7,52.64,Babolsar,2023-01-01,MASA,13.063970521518087
Mazandaran,2120.0,99357,36.2,51.8,Baladeh,2023-01-01,MASA,31.00437255246291
Mazandaran,-20.0,99306,36.86,53.39,Bandar-E-Amirabad,2023-01-01,MASA,5.6297364984239096
Mazandaran,-10.0,99299,36.74,53.84,Galugah,2023-01-01,MASA,11.154938057490682
Mazandaran,14.7,40737,36.49,52.11,Gharakhil,2023-01-01,MASA,60.2128687654222
Mazandaran,1294.3,40760,36.25,53.55,Kiyasar,2023-01-01,MASA,13.058665708133077
Mazandaran,1550.0,99348,36.39,51.73,Kojur,2023-01-01,MASA,35.047623828479146
Mazandaran,-20.9,40734,36.66,51.47,Nowshahr,2023-01-01,MASA,114.74265487534652
Mazandaran,610.0,99360,36.1,53.06,Polsefid,2023-01-01,MASA,30.761483625003194
Mazandaran,-20.0,40732,36.9,50.68,Ramsar,2023-01-01,MASA,175.2362582240785
Mazandaran,23.0,40759,36.54,53.0,Sari,2023-01-01,MASA,15.708718017169332
Mazandaran,16.7,40788,36.64,53.2,Sari (Dasht-E-Naz Airport),2023-01-01,MASA,11.1376974139894
Mazandaran,1855.4,40735,36.23,51.3,Siahbisheh,2023-01-01,MASA,54.54317064625869
Mazandaran,1805.0,99361,36.07,52.84,Alasht,2023-02-01,MASA,73.05669960478056
Mazandaran,23.7,99309,36.48,52.47,Amol,2023-02-01,MASA,142.76862320402373
Mazandaran,-21.0,40736,36.7,52.64,Babolsar,2023-02-01,MASA,63.6160242269348
Mazandaran,2120.0,99357,36.2,51.8,Baladeh,2023-02-01,MASA,37.09761974313963
Mazandaran,-20.0,99306,36.86,53.39,Bandar-E-Amirabad,2023-02-01,MASA,52.95010086992491
Mazandaran,-10.0,99299,36.74,53.84,Galugah,2023-02-01,MASA,68.52384087541807
Mazandaran,14.7,40737,36.49,52.11,Gharakhil,2023-02-01,MASA,146.73797962167967
Mazandaran,1294.3,40760,36.25,53.55,Kiyasar,2023-02-01,MASA,61.40029606321562
Mazandaran,1550.0,99348,36.39,51.73,Kojur,2023-02-01,MASA,63.53940245607603
Mazandaran,-20.9,40734,36.66,51.47,Nowshahr,2023-02-01,MASA,159.30783924558867
Mazandaran,610.0,99360,36.1,53.06,Polsefid,2023-02-01,MASA,72.07417664030302
Mazandaran,-20.0,40732,36.9,50.68,Ramsar,2023-02-01,MASA,154.46157929399718
Mazandaran,23.0,40759,36.54,53.0,Sari,2023-02-01,MASA,82.68904861906279
Mazandaran,16.7,40788,36.64,53.2,Sari (Dasht-E-Naz Airport),2023-02-01,MASA,75.47170099714506
Mazandaran,1855.4,40735,36.23,51.3,Siahbisheh,2023-02-01,MASA,44.16515109041441
Mazandaran,1805.0,99361,36.07,52.84,Alasht,2023-03-01,MASA,103.26396459269205
Mazandaran,23.7,99309,36.48,52.47,Amol,2023-03-01,MASA,65.67751401590982
Mazandaran,-21.0,40736,36.7,52.64,Babolsar,2023-03-01,MASA,41.26860731768289
Mazandaran,2120.0,99357,36.2,51.8,Baladeh,2023-03-01,MASA,97.8511028878657
Mazandaran,-20.0,99306,36.86,53.39,Bandar-E-Amirabad,2023-03-01,MASA,40.132960020777375
Mazandaran,-10.0,99299,36.74,53.84,Galugah,2023-03-01,MASA,66.92332559752145
Mazandaran,14.7,40737,36.49,52.11,Gharakhil,2023-03-01,MASA,83.81781512427011
Mazandaran,1294.3,40760,36.25,53.55,Kiyasar,2023-03-01,MASA,76.9341790072886
Mazandaran,1550.0,99348,36.39,51.73,Kojur,2023-03-01,MASA,110.60059600996652
Mazandaran,-20.9,40734,36.66,51.47,Nowshahr,2023-03-01,MASA,76.03763574289957
Mazandaran,610.0,99360,36.1,53.06,Polsefid,2023-03-01,MASA,90.08302324938455
Mazandaran,-20.0,40732,36.9,50.68,Ramsar,2023-03-01,MASA,91.60671168493906
Mazandaran,23.0,40759,36.54,53.0,Sari,2023-03-01,MASA,58.68627661394754
Mazandaran,16.7,40788,36.64,53.2,Sari (Dasht-E-Naz Airport),2023-03-01,MASA,51.064138948198945
Mazandaran,1855.4,40735,36.23,51.3,Siahbisheh,2023-03-01,MASA,117.48491758036295
Mazandaran,1805.0,99361,36.07,52.84,Alasht,2023-04-01,MASA,121.9599340476556
Mazandaran,23.7,99309,36.48,52.47,Amol,2023-04-01,MASA,47.488251737551224
Mazandaran,-21.0,40736,36.7,52.64,Babolsar,2023-04-01,MASA,19.60849206824733
Mazandaran,2120.0,99357,36.2,51.8,Baladeh,2023-04-01,MASA,84.69391804118587
Mazandaran,-20.0,99306,36.86,53.39,Bandar-E-Amirabad,2023-04-01,MASA,25.279203466372024
Mazandaran,-10.0,99299,36.74,53.84,Galugah,2023-04-01,MASA,57.877982071833145
Mazandaran,14.7,40737,36.49,52.11,Gharakhil,2023-04-01,MASA,99.58123605628444
Mazandaran,1294.3,40760,36.25,53.55,Kiyasar,2023-04-01,MASA,47.78299670596553
Mazandaran,1550.0,99348,36.39,51.73,Kojur,2023-04-01,MASA,141.0360578813119
Mazandaran,-20.9,40734,36.66,51.47,Nowshahr,2023-04-01,MASA,102.69361179252101
Mazandaran,610.0,99360,36.1,53.06,Polsefid,2023-04-01,MASA,99.41204827208949
Mazandaran,-20.0,40732,36.9,50.68,Ramsar,2023-04-01,MASA,75.92266242881252
Mazandaran,23.0,40759,36.54,53.0,Sari,2023-04-01,MASA,30.581513456301224
Mazandaran,16.7,40788,36.64,53.2,Sari (Dasht-E-Naz Airport),2023-04-01,MASA,28.614694289164078
Mazandaran,1855.4,40735,36.23,51.3,Siahbisheh,2023-04-01,MASA,63.9171842851205
Mazandaran,1805.0,99361,36.07,52.84,Alasht,2023-05-01,MASA,158.18607198202272
Mazandaran,23.7,99309,36.48,52.47,Amol,2023-05-01,MASA,94.74601732694765
Mazandaran,-21.0,40736,36.7,52.64,Babolsar,2023-05-01,MASA,40.657842030164204
Mazandaran,2120.0,99357,36.2,51.8,Baladeh,2023-05-01,MASA,145.84873007738253
Mazandaran,-20.0,99306,36.86,53.39,Bandar-E-Amirabad,2023-05-01,MASA,56.05424331628939
Mazandaran,-10.0,99299,36.74,53.84,Galugah,2023-05-01,MASA,101.06485473119875
Mazandaran,14.7,40737,36.49,52.11,Gharakhil,2023-05-01,MASA,165.90065645181795
Mazandaran,1294.3,40760,36.25,53.55,Kiyasar,2023-05-01,MASA,82.62925731145998
Mazandaran,1550.0,99348,36.39,51.73,Kojur,2023-05-01,MASA,264.3347470661368
Mazandaran,-20.9,40734,36.66,51.47,Nowshahr,2023-05-01,MASA,111.40298234426638
Mazandaran,610.0,99360,36.1,53.06,Polsefid,2023-05-01,MASA,126.639449467298
Mazandaran,-20.0,40732,36.9,50.68,Ramsar,2023-05-01,MASA,138.459899892446
Mazandaran,23.0,40759,36.54,53.0,Sari,2023-05-01,MASA,70.96258686983248
Mazandaran,16.7,40788,36.64,53.2,Sari (Dasht-E-Naz Airport),2023-05-01,MASA,60.93854593240877
Mazandaran,1855.4,40735,36.23,51.3,Siahbisheh,2023-05-01,MASA,115.88747190439364
Mazandaran,1805.0,99361,36.07,52.84,Alasht,2023-06-01,MASA,157.43999892303862
Mazandaran,23.7,99309,36.48,52.47,Amol,2023-06-01,MASA,86.32359617779173
Mazandaran,-21.0,40736,36.7,52.64,Babolsar,2023-06-01,MASA,25.23263507912077
Mazandaran,2120.0,99357,36.2,51.8,Baladeh,2023-06-01,MASA,155.31936997005857
Mazandaran,-20.0,99306,36.86,53.39,Bandar-E-Amirabad,2023-06-01,MASA,23.08610790798582
Mazandaran,-10.0,99299,36.74,53.84,Galugah,2023-06-01,MASA,71.46001571247496
Mazandaran,14.7,40737,36.49,52.11,Gharakhil,2023-06-01,MASA,146.28545158932127
Mazandaran,1294.3,40760,36.25,53.55,Kiyasar,2023-06-01,MASA,79.09033411571897
Mazandaran,1550.0,99348,36.39,51.73,Kojur,2023-06-01,MASA,216.3614701611749
Mazandaran,-20.9,40734,36.66,51.47,Nowshahr,2023-06-01,MASA,54.01947313377775
Mazandaran,610.0,99360,36.1,53.06,Polsefid,2023-06-01,MASA,133.59967583248533
Mazandaran,-20.0,40732,36.9,50.68,Ramsar,2023-06-01,MASA,83.8514935357324
Mazandaran,23.0,40759,36.54,53.0,Sari,2023-06-01,MASA,51.57319420406736
Mazandaran,16.7,40788,36.64,53.2,Sari (Dasht-E-Naz Airport),2023-06-01,MASA,36.65140980312742
Mazandaran,1855.4,40735,36.23,51.3,Siahbisheh,2023-06-01,MASA,115.6534772498361
Mazandaran,1805.0,99361,36.07,52.84,Alasht,2023-07-01,MASA,40.01371195943193
Mazandaran,23.7,99309,36.48,52.47,Amol,2023-07-01,MASA,36.446701795171066
Mazandaran,-21.0,40736,36.7,52.64,Babolsar,2023-07-01,MASA,9.837146908353134
Mazandaran,2120.0,99357,36.2,51.8,Baladeh,2023-07-01,MASA,166.90595081479387
Mazandaran,-20.0,99306,36.86,53.39,Bandar-E-Amirabad,2023-07-01,MASA,14.124181181500717
Mazandaran,-10.0,99299,36.74,53.84,Galugah,2023-07-01,MASA,34.36524799496965
Mazandaran,14.7,40737,36.49,52.11,Gharakhil,2023-07-01,MASA,70.7856827083333
Mazandaran,1294.3,40760,36.25,53.55,Kiyasar,2023-07-01,MASA,51.744218975613876
Mazandaran,1550.0,99348,36.39,51.73,Kojur,2023-07-01,MASA,176.22206738622026
Mazandaran,-20.9,40734,36.66,51.47,Nowshahr,2023-07-01,MASA,56.87754979760484
Mazandaran,610.0,99360,36.1,53.06,Polsefid,2023-07-01,MASA,43.22352638871507
Mazandaran,-20.0,40732,36.9,50.68,Ramsar,2023-07-01,MASA,70.97527018220262
Mazandaran,23.0,40759,36.54,53.0,Sari,2023-07-01,MASA,31.584616810391708
Mazandaran,16.7,40788,36.64,53.2,Sari (Dasht-E-Naz Airport),2023-07-01,MASA,18.27950409085588
Mazandaran,1855.4,40735,36.23,51.3,Siahbisheh,2023-07-01,MASA,95.9995054307683
Mazandaran,1805.0,99361,36.07,52.84,Alasht,2023-08-01,MASA,78.06674585107842
Mazandaran,23.7,99309,36.48,52.47,Amol,2023-08-01,MASA,25.40853068594018
Mazandaran,-21.0,40736,36.7,52.64,Babolsar,2023-08-01,MASA,10.024601671734246
Mazandaran,2120.0,99357,36.2,51.8,Baladeh,2023-08-01,MASA,119.38787445787469
Mazandaran,-20.0,99306,36.86,53.39,Bandar-E-Amirabad,2023-08-01,MASA,12.230852696934136
Mazandaran,-10.0,99299,36.74,53.84,Galugah,2023-08-01,MASA,33.72671649221459
Mazandaran,14.7,40737,36.49,52.11,Gharakhil,2023-08-01,MASA,76.13655373815575
Mazandaran,1294.3,40760,36.25,53.55,Kiyasar,2023-08-01,MASA,32.631466243305596
Mazandaran,1550.0,99348,36.39,51.73,Kojur,2023-08-01,MASA,176.57710060838738
Mazandaran,-20.9,40734,36.66,51.47,Nowshahr,2023-08-01,MASA,36.49238691095391
Mazandaran,610.0,99360,36.1,53.06,Polsefid,2023-08-01,MASA,56.996340010204705
Mazandaran,-20.0,40732,36.9,50.68,Ramsar,2023-08-01,MASA,51.94796070817986
Mazandaran,23.0,40759,36.54,53.0,Sari,2023-08-01,MASA,27.450064275303276
Mazandaran,16.7,40788,36.64,53.2,Sari (Dasht-E-Naz Airport),2023-08-01,MASA,18.51908311609307
Mazandaran,1855.4,40735,36.23,51.3,Siahbisheh,2023-08-01,MASA,67.34679088357964
Mazandaran,1805.0,99361,36.07,52.84,Alasht,2023-09-01,MASA,69.03641303887298
Mazandaran,23.7,99309,36.48,52.47,Amol,2023-09-01,MASA,72.49458512177398
Mazandaran,-21.0,40736,36.7,52.64,Babolsar,2023-09-01,MASA,37.503603900574944
Mazandaran,2120.0,99357,36.2,51.8,Baladeh,2023-09-01,MASA,111.33005102982452
Mazandaran,-20.0,99306,36.86,53.39,Bandar-E-Amirabad,2023-09-01,MASA,23.62153312077453
Mazandaran,-10.0,99299,36.74,53.84,Galugah,2023-09-01,MASA,35.70457180848052
Mazandaran,14.7,40737,36.49,52.11,Gharakhil,2023-09-01,MASA,121.85438355317046
Mazandaran,1294.3,40760,36.25,53.55,Kiyasar,2023-09-01,MASA,44.824261273049615
Mazandaran,1550.0,99348,36.39,51.73,Kojur,2023-09-01,MASA,179.0888049255841
Mazandaran,-20.9,40734,36.66,51.47,Nowshahr,2023-09-01,MASA,114.6218814503186
Mazandaran,610.0,99360,36.1,53.06,Polsefid,2023-09-01,MASA,56.408781613015435
Mazandaran,-20.0,40732,36.9,50.68,Ramsar,2023-09-01,MASA,181.51481827607086
Mazandaran,23.0,40759,36.54,53.0,Sari,2023-09-01,MASA,59.09881373753478
Mazandaran,16.7,40788,36.64,53.2,Sari (Dasht-E-Naz Airport),2023-09-01,MASA,34.27380701413085
Mazandaran,1855.4,40735,36.23,51.3,Siahbisheh,2023-09-01,MASA,57.06802388539245
Mazandaran,1805.0,99361,36.07,52.84,Alasht,2023-10-01,MASA,129.27030446122956
Mazandaran,23.7,99309,36.48,52.47,Amol,2023-10-01,MASA,174.25401928018402
Mazandaran,-21.0,40736,36.7,52.64,Babolsar,2023-10-01,MASA,137.68643560003113
Mazandaran,2120.0,99357,36.2,51.8,Baladeh,2023-10-01,MASA,74.92599310468506
Mazandaran,-20.0,99306,36.86,53.39,Bandar-E-Amirabad,2023-10-01,MASA,130.5487942893393
Mazandaran,-10.0,99299,36.74,53.84,Galugah,2023-10-01,MASA,155.0830048520453
Mazandaran,14.7,40737,36.49,52.11,Gharakhil,2023-10-01,MASA,195.92790724824738
Mazandaran,1294.3,40760,36.25,53.55,Kiyasar,2023-10-01,MASA,109.43301441263031
Mazandaran,1550.0,99348,36.39,51.73,Kojur,2023-10-01,MASA,129.94760694097351
Mazandaran,-20.9,40734,36.66,51.47,Nowshahr,2023-10-01,MASA,205.8998686272986
Mazandaran,610.0,99360,36.1,53.06,Polsefid,2023-10-01,MASA,113.94682945798706
Mazandaran,-20.0,40732,36.9,50.68,Ramsar,2023-10-01,MASA,259.26329614709687
Mazandaran,23.0,40759,36.54,53.0,Sari,2023-10-01,MASA,185.25992753099274
Mazandaran,16.7,40788,36.64,53.2,Sari (Dasht-E-Naz Airport),2023-10-01,MASA,178.63031150888276
Mazandaran,1855.4,40735,36.23,51.3,Siahbisheh,2023-10-01,MASA,67.68085481714081
Mazandaran,1805.0,99361,36.07,52.84,Alasht,2023-11-01,MASA,77.66236070225574
Mazandaran,23.7,99309,36.48,52.47,Amol,2023-11-01,MASA,150.91560486386157
Mazandaran,-21.0,40736,36.7,52.64,Babolsar,2023-11-01,MASA,92.16221872399188
Mazandaran,2120.0,99357,36.2,51.8,Baladeh,2023-11-01,MASA,53.338256512383
Mazandaran,-20.0,99306,36.86,53.39,Bandar-E-Amirabad,2023-11-01,MASA,80.60161474774219
Mazandaran,-10.0,99299,36.74,53.84,Galugah,2023-11-01,MASA,76.11728910038806
Mazandaran,14.7,40737,36.49,52.11,Gharakhil,2023-11-01,MASA,177.47227552960254
Mazandaran,1294.3,40760,36.25,53.55,Kiyasar,2023-11-01,MASA,49.45715967247821
Mazandaran,1550.0,99348,36.39,51.73,Kojur,2023-11-01,MASA,84.64373353550769
Mazandaran,-20.9,40734,36.66,51.47,Nowshahr,2023-11-01,MASA,226.73350277970172
Mazandaran,610.0,99360,36.1,53.06,Polsefid,2023-11-01,MASA,51.12798217366077
Mazandaran,-20.0,40732,36.9,50.68,Ramsar,2023-11-01,MASA,151.0749280793462
Mazandaran,23.0,40759,36.54,53.0,Sari,2023-11-01,MASA,114.44319490025379
Mazandaran,16.7,40788,36.64,53.2,Sari (Dasht-E-Naz Airport),2023-11-01,MASA,107.92350474427082
Mazandaran,1855.4,40735,36.23,51.3,Siahbisheh,2023-11-01,MASA,50.26431087086536
Mazandaran,1805.0,99361,36.07,52.84,Alasht,2023-12-01,MASA,43.700068743738996
Mazandaran,23.7,99309,36.48,52.47,Amol,2023-12-01,MASA,77.49693051150786
Mazandaran,-21.0,40736,36.7,52.64,Babolsar,2023-12-01,MASA,42.80751899054991
Mazandaran,2120.0,99357,36.2,51.8,Baladeh,2023-12-01,MASA,25.390445740733014
Mazandaran,-20.0,99306,36.86,53.39,Bandar-E-Amirabad,2023-12-01,MASA,29.128089101824628
Mazandaran,-10.0,99299,36.74,53.84,Galugah,2023-12-01,MASA,34.45504561236845
Mazandaran,14.7,40737,36.49,52.11,Gharakhil,2023-12-01,MASA,112.02497735789763
Mazandaran,1294.3,40760,36.25,53.55,Kiyasar,2023-12-01,MASA,34.747033865961896
Mazandaran,1550.0,99348,36.39,51.73,Kojur,2023-12-01,MASA,56.210264118227826
Mazandaran,-20.9,40734,36.66,51.47,Nowshahr,2023-12-01,MASA,126.92327752879606
Mazandaran,610.0,99360,36.1,53.06,Polsefid,2023-12-01,MASA,38.15743282607542
Mazandaran,-20.0,40732,36.9,50.68,Ramsar,2023-12-01,MASA,165.66204980185972
Mazandaran,23.0,40759,36.54,53.0,Sari,2023-12-01,MASA,46.52363017371641
Mazandaran,16.7,40788,36.64,53.2,Sari (Dasht-E-Naz Airport),2023-12-01,MASA,36.77479878238188
Mazandaran,1855.4,40735,36.23,51.3,Siahbisheh,2023-12-01,MASA,28.572484405550824
Mazandaran,1805.0,99361,36.07,52.84,Alasht,2024-01-01,MASA,69.4177248314709
Mazandaran,23.7,99309,36.48,52.47,Amol,2024-01-01,MASA,110.56737087524837
Mazandaran,-21.0,40736,36.7,52.64,Babolsar,2024-01-01,MASA,67.80395887649959
Mazandaran,2120.0,99357,36.2,51.8,Baladeh,2024-01-01,MASA,51.83381818092769
Mazandaran,-20.0,99306,36.86,53.39,Bandar-E-Amirabad,2024-01-01,MASA,72.3658450678677
Mazandaran,-10.0,99299,36.74,53.84,Galugah,2024-01-01,MASA,72.96791158474392
Mazandaran,14.7,40737,36.49,52.11,Gharakhil,2024-01-01,MASA,142.70698509968227
Mazandaran,1294.3,40760,36.25,53.55,Kiyasar,2024-01-01,MASA,60.929188950428426
Mazandaran,1550.0,99348,36.39,51.73,Kojur,2024-01-01,MASA,75.58498762405819
Mazandaran,-20.9,40734,36.66,51.47,Nowshahr,2024-01-01,MASA,197.16910503662533
Mazandaran,610.0,99360,36.1,53.06,Polsefid,2024-01-01,MASA,58.372954352268636
Mazandaran,-20.0,40732,36.9,50.68,Ramsar,2024-01-01,MASA,246.72929428375667
Mazandaran,23.0,40759,36.54,53.0,Sari,2024-01-01,MASA,78.82315896309322
Mazandaran,16.7,40788,36.64,53.2,Sari (Dasht-E-Naz Airport),2024-01-01,MASA,79.60845015800899
Mazandaran,1855.4,40735,36.23,51.3,Siahbisheh,2024-01-01,MASA,99.67894337929195
Mazandaran,1805.0,99361,36.07,52.84,Alasht,2024-02-01,MASA,100.62839887262598
Mazandaran,23.7,99309,36.48,52.47,Amol,2024-02-01,MASA,121.32812342764154
Mazandaran,-21.0,40736,36.7,52.64,Babolsar,2024-02-01,MASA,80.81489107729212
Mazandaran,2120.0,99357,36.2,51.8,Baladeh,2024-02-01,MASA,73.10085795046106
Mazandaran,-20.0,99306,36.86,53.39,Bandar-E-Amirabad,2024-02-01,MASA,66.4636870396258
Mazandaran,-10.0,99299,36.74,53.84,Galugah,2024-02-01,MASA,85.82226238371149
Mazandaran,14.7,40737,36.49,52.11,Gharakhil,2024-02-01,MASA,148.75031314016596
Mazandaran,1294.3,40760,36.25,53.55,Kiyasar,2024-02-01,MASA,97.29146263719812
Mazandaran,1550.0,99348,36.39,51.73,Kojur,2024-02-01,MASA,98.16699526430384
Mazandaran,-20.9,40734,36.66,51.47,Nowshahr,2024-02-01,MASA,160.8673562777163
Mazandaran,610.0,99360,36.1,53.06,Polsefid,2024-02-01,MASA,95.44559619547144
Mazandaran,-20.0,40732,36.9,50.68,Ramsar,2024-02-01,MASA,149.01401898981348
Mazandaran,23.0,40759,36.54,53.0,Sari,2024-02-01,MASA,96.25484845758692
Mazandaran,16.7,40788,36.64,53.2,Sari (Dasht-E-Naz Airport),2024-02-01,MASA,91.86004898668543
Mazandaran,1855.4,40735,36.23,51.3,Siahbisheh,2024-02-01,MASA,105.4631998312594
Mazandaran,1805.0,99361,36.07,52.84,Alasht,2024-03-01,MASA,80.83682923896873
Mazandaran,23.7,99309,36.48,52.47,Amol,2024-03-01,MASA,63.06330531223381
Mazandaran,-21.0,40736,36.7,52.64,Babolsar,2024-03-01,MASA,14.422636920052412
Mazandaran,2120.0,99357,36.2,51.8,Baladeh,2024-03-01,MASA,43.80762248619163
Mazandaran,-20.0,99306,36.86,53.39,Bandar-E-Amirabad,2024-03-01,MASA,17.140310698586347
Mazandaran,-10.0,99299,36.74,53.84,Galugah,2024-03-01,MASA,45.854907923775556
Mazandaran,14.7,40737,36.49,52.11,Gharakhil,2024-03-01,MASA,80.6152787743386
Mazandaran,1294.3,40760,36.25,53.55,Kiyasar,2024-03-01,MASA,50.501015478211286
Mazandaran,1550.0,99348,36.39,51.73,Kojur,2024-03-01,MASA,56.306820803719404
Mazandaran,-20.9,40734,36.66,51.47,Nowshahr,2024-03-01,MASA,72.56683378799522
Mazandaran,610.0,99360,36.1,53.06,Polsefid,2024-03-01,MASA,65.04515975101555
Mazandaran,-20.0,40732,36.9,50.68,Ramsar,2024-03-01,MASA,83.3923783837136
Mazandaran,23.0,40759,36.54,53.0,Sari,2024-03-01,MASA,25.913071328240278
Mazandaran,16.7,40788,36.64,53.2,Sari (Dasht-E-Naz Airport),2024-03-01,MASA,22.35662608726585
Mazandaran,1855.4,40735,36.23,51.3,Siahbisheh,2024-03-01,MASA,88.4239342747506
Mazandaran,1805.0,99361,36.07,52.84,Alasht,2024-04-01,MASA,112.90750311278686
Mazandaran,23.7,99309,36.48,52.47,Amol,2024-04-01,MASA,73.00861583613738
Mazandaran,-21.0,40736,36.7,52.64,Babolsar,2024-04-01,MASA,39.57671330832824
Mazandaran,2120.0,99357,36.2,51.8,Baladeh,2024-04-01,MASA,102.61251436137542
Mazandaran,-20.0,99306,36.86,53.39,Bandar-E-Amirabad,2024-04-01,MASA,45.393202766412344
Mazandaran,-10.0,99299,36.74,53.84,Galugah,2024-04-01,MASA,67.24596427344665
Mazandaran,14.7,40737,36.49,52.11,Gharakhil,2024-04-01,MASA,91.27290950679168
Mazandaran,1294.3,40760,36.25,53.55,Kiyasar,2024-04-01,MASA,120.73919580840453
Mazandaran,1550.0,99348,36.39,51.73,Kojur,2024-04-01,MASA,116.0603802051483
Mazandaran,-20.9,40734,36.66,51.47,Nowshahr,2024-04-01,MASA,61.610896452897634
Mazandaran,610.0,99360,36.1,53.06,Polsefid,2024-04-01,MASA,95.94086216353759
Mazandaran,-20.0,40732,36.9,50.68,Ramsar,2024-04-01,MASA,48.50601063632354
Mazandaran,23.0,40759,36.54,53.0,Sari,2024-04-01,MASA,62.66516850852355
Mazandaran,16.7,40788,36.64,53.2,Sari (Dasht-E-Naz Airport),2024-04-01,MASA,62.80772791766509
Mazandaran,1855.4,40735,36.23,51.3,Siahbisheh,2024-04-01,MASA,71.72072337531432
Mazandaran,1805.0,99361,36.07,52.84,Alasht,2024-05-01,MASA,191.9297514641265
Mazandaran,23.7,99309,36.48,52.47,Amol,2024-05-01,MASA,131.26496357559958
Mazandaran,-21.0,40736,36.7,52.64,Babolsar,2024-05-01,MASA,41.91456122040549
Mazandaran,2120.0,99357,36.2,51.8,Baladeh,2024-05-01,MASA,153.75290197968283
Mazandaran,-20.0,99306,36.86,53.39,Bandar-E-Amirabad,2024-05-01,MASA,36.58784312844077
Mazandaran,-10.0,99299,36.74,53.84,Galugah,2024-05-01,MASA,121.50985879540244
Mazandaran,14.7,40737,36.49,52.11,Gharakhil,2024-05-01,MASA,215.21095318436423
Mazandaran,1294.3,40760,36.25,53.55,Kiyasar,2024-05-01,MASA,89.04121203064719
Mazandaran,1550.0,99348,36.39,51.73,Kojur,2024-05-01,MASA,260.0445835077743
Mazandaran,-20.9,40734,36.66,51.47,Nowshahr,2024-05-01,MASA,126.62822885155478
Mazandaran,610.0,99360,36.1,53.06,Polsefid,2024-05-01,MASA,160.07023436665335
Mazandaran,-20.0,40732,36.9,50.68,Ramsar,2024-05-01,MASA,163.51563615441123
Mazandaran,23.0,40759,36.54,53.0,Sari,2024-05-01,MASA,84.98870713352957
Mazandaran,16.7,40788,36.64,53.2,Sari (Dasht-E-Naz Airport),2024-05-01,MASA,62.18903643727103
Mazandaran,1855.4,40735,36.23,51.3,Siahbisheh,2024-05-01,MASA,152.708628603218
Mazandaran,1805.0,99361,36.07,52.84,Alasht,2024-06-01,MASA,99.14853146195313
Mazandaran,23.7,99309,36.48,52.47,Amol,2024-06-01,MASA,58.14108719944855
Mazandaran,-21.0,40736,36.7,52.64,Babolsar,2024-06-01,MASA,12.483333255051576
Mazandaran,2120.0,99357,36.2,51.8,Baladeh,2024-06-01,MASA,209.8164456140985
Mazandaran,-20.0,99306,36.86,53.39,Bandar-E-Amirabad,2024-06-01,MASA,9.713594819306337
Mazandaran,-10.0,99299,36.74,53.84,Galugah,2024-06-01,MASA,41.933407093285524
Mazandaran,14.7,40737,36.49,52.11,Gharakhil,2024-06-01,MASA,144.16695108532807
Mazandaran,1294.3,40760,36.25,53.55,Kiyasar,2024-06-01,MASA,54.41532006382843
Mazandaran,1550.0,99348,36.39,51.73,Kojur,2024-06-01,MASA,254.8507647764673
Mazandaran,-20.9,40734,36.66,51.47,Nowshahr,2024-06-01,MASA,95.15332152962586
Mazandaran,610.0,99360,36.1,53.06,Polsefid,2024-06-01,MASA,65.32654633641144
Mazandaran,-20.0,40732,36.9,50.68,Ramsar,2024-06-01,MASA,76.59213712334534
Mazandaran,23.0,40759,36.54,53.0,Sari,2024-06-01,MASA,30.61613907933136
Mazandaran,16.7,40788,36.64,53.2,Sari (Dasht-E-Naz Airport),2024-06-01,MASA,17.973129655121767
Mazandaran,1855.4,40735,36.23,51.3,Siahbisheh,2024-06-01,MASA,164.02839591622254
Mazandaran,1805.0,99361,36.07,52.84,Alasht,2024-07-01,MASA,67.95550921572868
Mazandaran,23.7,99309,36.48,52.47,Amol,2024-07-01,MASA,29.408574491874617
Mazandaran,-21.0,40736,36.7,52.64,Babolsar,2024-07-01,MASA,11.845767885581893
Mazandaran,2120.0,99357,36.2,51.8,Baladeh,2024-07-01,MASA,219.15714481486503
Mazandaran,-20.0,99306,36.86,53.39,Bandar-E-Amirabad,2024-07-01,MASA,18.188193828002852
Mazandaran,-10.0,99299,36.74,53.84,Galugah,2024-07-01,MASA,19.32670214785759
Mazandaran,14.7,40737,36.49,52.11,Gharakhil,2024-07-01,MASA,82.61351326121513
Mazandaran,1294.3,40760,36.25,53.55,Kiyasar,2024-07-01,MASA,35.333976537124556
Mazandaran,1550.0,99348,36.39,51.73,Kojur,2024-07-01,MASA,209.07321611060325
Mazandaran,-20.9,40734,36.66,51.47,Nowshahr,2024-07-01,MASA,46.98109665526573
Mazandaran,610.0,99360,36.1,53.06,Polsefid,2024-07-01,MASA,46.578884512321395
Mazandaran,-20.0,40732,36.9,50.68,Ramsar,2024-07-01,MASA,68.91490557803337
Mazandaran,23.0,40759,36.54,53.0,Sari,2024-07-01,MASA,22.033796101943892
Mazandaran,16.7,40788,36.64,53.2,Sari (Dasht-E-Naz Airport),2024-07-01,MASA,14.393195897476119
Mazandaran,1855.4,40735,36.23,51.3,Siahbisheh,2024-07-01,MASA,131.66031280173485
Mazandaran,1805.0,99361,36.07,52.84,Alasht,2024-08-01,MASA,61.40731003521438
Mazandaran,23.7,99309,36.48,52.47,Amol,2024-08-01,MASA,53.94915964840408
Mazandaran,-21.0,40736,36.7,52.64,Babolsar,2024-08-01,MASA,15.812945630536035
Mazandaran,2120.0,99357,36.2,51.8,Baladeh,2024-08-01,MASA,131.8919631504869
Mazandaran,-20.0,99306,36.86,53.39,Bandar-E-Amirabad,2024-08-01,MASA,22.919354107365564
Mazandaran,-10.0,99299,36.74,53.84,Galugah,2024-08-01,MASA,55.18726732967849
Mazandaran,14.7,40737,36.49,52.11,Gharakhil,2024-08-01,MASA,99.88184001682754
Mazandaran,1294.3,40760,36.25,53.55,Kiyasar,2024-08-01,MASA,52.603584792599634
Mazandaran,1550.0,99348,36.39,51.73,Kojur,2024-08-01,MASA,115.12432720898147
Mazandaran,-20.9,40734,36.66,51.47,Nowshahr,2024-08-01,MASA,38.033616807446435
Mazandaran,610.0,99360,36.1,53.06,Polsefid,2024-08-01,MASA,56.10400166748519
Mazandaran,-20.0,40732,36.9,50.68,Ramsar,2024-08-01,MASA,45.78336801765914
Mazandaran,23.0,40759,36.54,53.0,Sari,2024-08-01,MASA,48.72040179012771
Mazandaran,16.7,40788,36.64,53.2,Sari (Dasht-E-Naz Airport),2024-08-01,MASA,33.33101895092483
Mazandaran,1855.4,40735,36.23,51.3,Siahbisheh,2024-08-01,MASA,75.88113572834487
Mazandaran,1805.0,99361,36.07,52.84,Alasht,2024-09-01,MASA,134.04578814991197
Mazandaran,23.7,99309,36.48,52.47,Amol,2024-09-01,MASA,89.89559958465776
Mazandaran,-21.0,40736,36.7,52.64,Babolsar,2024-09-01,MASA,38.18661818989
Mazandaran,2120.0,99357,36.2,51.8,Baladeh,2024-09-01,MASA,170.46690831669054
Mazandaran,-20.0,99306,36.86,53.39,Bandar-E-Amirabad,2024-09-01,MASA,24.648496012765975
Mazandaran,-10.0,99299,36.74,53.84,Galugah,2024-09-01,MASA,40.83430121429643
Mazandaran,14.7,40737,36.49,52.11,Gharakhil,2024-09-01,MASA,173.0144853401967
Mazandaran,1294.3,40760,36.25,53.55,Kiyasar,2024-09-01,MASA,81.12946997173509
Mazandaran,1550.0,99348,36.39,51.73,Kojur,2024-09-01,MASA,235.7252175618001
Mazandaran,-20.9,40734,36.66,51.47,Nowshahr,2024-09-01,MASA,116.25699053295335
Mazandaran,610.0,99360,36.1,53.06,Polsefid,2024-09-01,MASA,99.08551822193346
Mazandaran,-20.0,40732,36.9,50.68,Ramsar,2024-09-01,MASA,123.76786122806749
Mazandaran,23.0,40759,36.54,53.0,Sari,2024-09-01,MASA,67.250498633463
Mazandaran,16.7,40788,36.64,53.2,Sari (Dasht-E-Naz Airport),2024-09-01,MASA,42.912417154390425
Mazandaran,1855.4,40735,36.23,51.3,Siahbisheh,2024-09-01,MASA,114.71822212227067
Mazandaran,1805.0,99361,36.07,52.84,Alasht,2024-10-01,MASA,146.00970233911426
Mazandaran,23.7,99309,36.48,52.47,Amol,2024-10-01,MASA,155.64607466691882
Mazandaran,-21.0,40736,36.7,52.64,Babolsar,2024-10-01,MASA,89.30264796251208
Mazandaran,2120.0,99357,36.2,51.8,Baladeh,2024-10-01,MASA,95.36303962701709
Mazandaran,-20.0,99306,36.86,53.39,Bandar-E-Amirabad,2024-10-01,MASA,48.72610057825
Mazandaran,-10.0,99299,36.74,53.84,Galugah,2024-10-01,MASA,75.35225535863788
Mazandaran,14.7,40737,36.49,52.11,Gharakhil,2024-10-01,MASA,263.4906211041823
Mazandaran,1294.3,40760,36.25,53.55,Kiyasar,2024-10-01,MASA,86.55159558290393
Mazandaran,1550.0,99348,36.39,51.73,Kojur,2024-10-01,MASA,202.579740538539
Mazandaran,-20.9,40734,36.66,51.47,Nowshahr,2024-10-01,MASA,255.40063168043048
Mazandaran,610.0,99360,36.1,53.06,Polsefid,2024-10-01,MASA,113.23866631025226
Mazandaran,-20.0,40732,36.9,50.68,Ramsar,2024-10-01,MASA,310.69811071390063
Mazandaran,23.0,40759,36.54,53.0,Sari,2024-10-01,MASA,118.16996718877704
Mazandaran,16.7,40788,36.64,53.2,Sari (Dasht-E-Naz Airport),2024-10-01,MASA,83.59404291147143
Mazandaran,1855.4,40735,36.23,51.3,Siahbisheh,2024-10-01,MASA,79.8801818036452
Mazandaran,1805.0,99361,36.07,52.84,Alasht,2024-11-01,MASA,93.53475132361666
Mazandaran,23.7,99309,36.48,52.47,Amol,2024-11-01,MASA,105.33423581496493
Mazandaran,-21.0,40736,36.7,52.64,Babolsar,2024-11-01,MASA,49.71490660086886
Mazandaran,2120.0,99357,36.2,51.8,Baladeh,2024-11-01,MASA,48.054827836907066
Mazandaran,-20.0,99306,36.86,53.39,Bandar-E-Amirabad,2024-11-01,MASA,41.47904971019045
Mazandaran,-10.0,99299,36.74,53.84,Galugah,2024-11-01,MASA,44.174982694542564
Mazandaran,14.7,40737,36.49,52.11,Gharakhil,2024-11-01,MASA,159.85923865214602
Mazandaran,1294.3,40760,36.25,53.55,Kiyasar,2024-11-01,MASA,32.911865500366844
Mazandaran,1550.0,99348,36.39,51.73,Kojur,2024-11-01,MASA,92.71246054545657
Mazandaran,-20.9,40734,36.66,51.47,Nowshahr,2024-11-01,MASA,181.0794160641791
Mazandaran,610.0,99360,36.1,53.06,Polsefid,2024-11-01,MASA,71.16223731414095
Mazandaran,-20.0,40732,36.9,50.68,Ramsar,2024-11-01,MASA,305.67628004924075
Mazandaran,23.0,40759,36.54,53.0,Sari,2024-11-01,MASA,55.65228917971865
Mazandaran,16.7,40788,36.64,53.2,Sari (Dasht-E-Naz Airport),2024-11-01,MASA,45.48393049613253
Mazandaran,1855.4,40735,36.23,51.3,Siahbisheh,2024-11-01,MASA,90.16169467345492
Mazandaran,1805.0,99361,36.07,52.84,Alasht,2024-12-01,MASA,55.06898421812778
Mazandaran,23.7,99309,36.48,52.47,Amol,2024-12-01,MASA,74.52978152800327
Mazandaran,-21.0,40736,36.7,52.64,Babolsar,2024-12-01,MASA,43.12637407351261
Mazandaran,2120.0,99357,36.2,51.8,Baladeh,2024-12-01,MASA,34.24356836844211
Mazandaran,-20.0,99306,36.86,53.39,Bandar-E-Amirabad,2024-12-01,MASA,43.20019442606693
Mazandaran,-10.0,99299,36.74,53.84,Galugah,2024-12-01,MASA,45.59889394808536
Mazandaran,14.7,40737,36.49,52.11,Gharakhil,2024-12-01,MASA,87.20183331537967
Mazandaran,1294.3,40760,36.25,53.55,Kiyasar,2024-12-01,MASA,53.2785798983646
Mazandaran,1550.0,99348,36.39,51.73,Kojur,2024-12-01,MASA,54.273485727794224
Mazandaran,-20.9,40734,36.66,51.47,Nowshahr,2024-12-01,MASA,94.70590908098941
Mazandaran,610.0,99360,36.1,53.06,Polsefid,2024-12-01,MASA,52.599981017596775
Mazandaran,-20.0,40732,36.9,50.68,Ramsar,2024-12-01,MASA,133.23768932390934
Mazandaran,23.0,40759,36.54,53.0,Sari,2024-12-01,MASA,49.58070773649936
Mazandaran,16.7,40788,36.64,53.2,Sari (Dasht-E-Naz Airport),2024-12-01,MASA,48.243745751864964
Mazandaran,1855.4,40735,36.23,51.3,Siahbisheh,2024-12-01,MASA,38.65164477396732
Mazandaran,1805.0,99361,36.07,52.84,Alasht,2025-01-01,MASA,55.647098954654695
Mazandaran,23.7,99309,36.48,52.47,Amol,2025-01-01,MASA,86.00268655631638
Mazandaran,-21.0,40736,36.7,52.64,Babolsar,2025-01-01,MASA,53.86033051822281
Mazandaran,2120.0,99357,36.2,51.8,Baladeh,2025-01-01,MASA,39.183178480602265
Mazandaran,-20.0,99306,36.86,53.39,Bandar-E-Amirabad,2025-01-01,MASA,29.26304334018326
Mazandaran,-10.0,99299,36.74,53.84,Galugah,2025-01-01,MASA,36.8409990629921
Mazandaran,14.7,40737,36.49,52.11,Gharakhil,2025-01-01,MASA,103.37249332282639
Mazandaran,1294.3,40760,36.25,53.55,Kiyasar,2025-01-01,MASA,60.13917320582962
Mazandaran,1550.0,99348,36.39,51.73,Kojur,2025-01-01,MASA,62.525251444316865
Mazandaran,-20.9,40734,36.66,51.47,Nowshahr,2025-01-01,MASA,101.53085881087875
Mazandaran,610.0,99360,36.1,53.06,Polsefid,2025-01-01,MASA,51.67409175250626
Mazandaran,-20.0,40732,36.9,50.68,Ramsar,2025-01-01,MASA,93.42321151111221
Mazandaran,23.0,40759,36.54,53.0,Sari,2025-01-01,MASA,47.9941903910408
Mazandaran,16.7,40788,36.64,53.2,Sari (Dasht-E-Naz Airport),2025-01-01,MASA,44.03010898444748
Mazandaran,1855.4,40735,36.23,51.3,Siahbisheh,2025-01-01,MASA,31.981328066326142
Mazandaran,1805.0,99361,36.07,52.84,Alasht,2025-02-01,MASA,80.14559967057266
Mazandaran,23.7,99309,36.48,52.47,Amol,2025-02-01,MASA,89.3145970775322
Mazandaran,-21.0,40736,36.7,52.64,Babolsar,2025-02-01,MASA,59.4080857707695
Mazandaran,2120.0,99357,36.2,51.8,Baladeh,2025-02-01,MASA,78.64397985474625
Mazandaran,-20.0,99306,36.86,53.39,Bandar-E-Amirabad,2025-02-01,MASA,83.21573061482468
Mazandaran,-10.0,99299,36.74,53.84,Galugah,2025-02-01,MASA,73.95233435170212
Mazandaran,14.7,40737,36.49,52.11,Gharakhil,2025-02-01,MASA,122.26036412255326
Mazandaran,1294.3,40760,36.25,53.55,Kiyasar,2025-02-01,MASA,69.20533103482285
Mazandaran,1550.0,99348,36.39,51.73,Kojur,2025-02-01,MASA,100.19372624890366
Mazandaran,-20.9,40734,36.66,51.47,Nowshahr,2025-02-01,MASA,140.27877373234787
Mazandaran,610.0,99360,36.1,53.06,Polsefid,2025-02-01,MASA,68.85285896794358
Mazandaran,-20.0,40732,36.9,50.68,Ramsar,2025-02-01,MASA,161.3765232040123
Mazandaran,23.0,40759,36.54,53.0,Sari,2025-02-01,MASA,70.87952119843521
Mazandaran,16.7,40788,36.64,53.2,Sari (Dasht-E-Naz Airport),2025-02-01,MASA,74.01673717038193
Mazandaran,1855.4,40735,36.23,51.3,Siahbisheh,2025-02-01,MASA,100.1035146190361
Mazandaran,1805.0,99361,36.07,52.84,Alasht,2025-03-01,MASA,75.18851379241198
Mazandaran,23.7,99309,36.48,52.47,Amol,2025-03-01,MASA,69.99657670344561
Mazandaran,-21.0,40736,36.7,52.64,Babolsar,2025-03-01,MASA,34.27575150813311
Mazandaran,2120.0,99357,36.2,51.8,Baladeh,2025-03-01,MASA,59.73364034976214
Mazandaran,-20.0,99306,36.86,53.39,Bandar-E-Amirabad,2025-03-01,MASA,47.040324605362116
Mazandaran,-10.0,99299,36.74,53.84,Galugah,2025-03-01,MASA,65.85870305384844
Mazandaran,14.7,40737,36.49,52.11,Gharakhil,2025-03-01,MASA,106.52958968962878
Mazandaran,1294.3,40760,36.25,53.55,Kiyasar,2025-03-01,MASA,59.070136345283686
Mazandaran,1550.0,99348,36.39,51.73,Kojur,2025-03-01,MASA,92.28688100661486
Mazandaran,-20.9,40734,36.66,51.47,Nowshahr,2025-03-01,MASA,102.93618956889361
Mazandaran,610.0,99360,36.1,53.06,Polsefid,2025-03-01,MASA,75.61310747946948
Mazandaran,-20.0,40732,36.9,50.68,Ramsar,2025-03-01,MASA,135.6600485214159
Mazandaran,23.0,40759,36.54,53.0,Sari,2025-03-01,MASA,53.20632079924792
Mazandaran,16.7,40788,36.64,53.2,Sari (Dasht-E-Naz Airport),2025-03-01,MASA,50.70383468951434
Mazandaran,1855.4,40735,36.23,51.3,Siahbisheh,2025-03-01,MASA,82.46935526217669
Mazandaran,1805.0,99361,36.07,52.84,Alasht,2025-04-01,MASA,98.38932595471306
Mazandaran,23.7,99309,36.48,52.47,Amol,2025-04-01,MASA,41.141746856965256
Mazandaran,-21.0,40736,36.7,52.64,Babolsar,2025-04-01,MASA,18.500132777489853
Mazandaran,2120.0,99357,36.2,51.8,Baladeh,2025-04-01,MASA,92.44486532429619
Mazandaran,-20.0,99306,36.86,53.39,Bandar-E-Amirabad,2025-04-01,MASA,33.2678689740078
Mazandaran,-10.0,99299,36.74,53.84,Galugah,2025-04-01,MASA,52.601872303284836
Mazandaran,14.7,40737,36.49,52.11,Gharakhil,2025-04-01,MASA,66.63818500260277
Mazandaran,1294.3,40760,36.25,53.55,Kiyasar,2025-04-01,MASA,67.89922557095451
Mazandaran,1550.0,99348,36.39,51.73,Kojur,2025-04-01,MASA,105.71835777977867
Mazandaran,-20.9,40734,36.66,51.47,Nowshahr,2025-04-01,MASA,56.903226592339706
Mazandaran,610.0,99360,36.1,53.06,Polsefid,2025-04-01,MASA,82.09805033425255
Mazandaran,-20.0,40732,36.9,50.68,Ramsar,2025-04-01,MASA,69.6462824128048
Mazandaran,23.0,40759,36.54,53.0,Sari,2025-04-01,MASA,40.47362349251671
Mazandaran,16.7,40788,36.64,53.2,Sari (Dasht-E-Naz Airport),2025-04-01,MASA,35.63403926114006
Mazandaran,1855.4,40735,36.23,51.3,Siahbisheh,2025-04-01,MASA,99.19923386792107
Mazandaran,1805.0,99361,36.07,52.84,Alasht,2025-05-01,MASA,121.16869366630212
Mazandaran,23.7,99309,36.48,52.47,Amol,2025-05-01,MASA,50.81879175170556
Mazandaran,-21.0,40736,36.7,52.64,Babolsar,2025-05-01,MASA,21.17622471316949
Mazandaran,2120.0,99357,36.2,51.8,Baladeh,2025-05-01,MASA,120.00866806968347
Mazandaran,-20.0,99306,36.86,53.39,Bandar-E-Amirabad,2025-05-01,MASA,16.502803330265436
Mazandaran,-10.0,99299,36.74,53.84,Galugah,2025-05-01,MASA,35.77226973041192
Mazandaran,14.7,40737,36.49,52.11,Gharakhil,2025-05-01,MASA,98.08588600619927
Mazandaran,1294.3,40760,36.25,53.55,Kiyasar,2025-05-01,MASA,33.68808901771203
Mazandaran,1550.0,99348,36.39,51.73,Kojur,2025-05-01,MASA,167.65411770805017
Mazandaran,-20.9,40734,36.66,51.47,Nowshahr,2025-05-01,MASA,44.68730664714471
Mazandaran,610.0,99360,36.1,53.06,Polsefid,2025-05-01,MASA,89.8613241957058
Mazandaran,-20.0,40732,36.9,50.68,Ramsar,2025-05-01,MASA,71.91610908969537
Mazandaran,23.0,40759,36.54,53.0,Sari,2025-05-01,MASA,26.12433410152093
Mazandaran,16.7,40788,36.64,53.2,Sari (Dasht-E-Naz Airport),2025-05-01,MASA,23.432454233013544
Mazandaran,1855.4,40735,36.23,51.3,Siahbisheh,2025-05-01,MASA,107.25676095946923
Mazandaran,1805.0,99361,36.07,52.84,Alasht,2025-06-01,MASA,84.37788405315061
Mazandaran,23.7,99309,36.48,52.47,Amol,2025-06-01,MASA,24.58031394378324
Mazandaran,-21.0,40736,36.7,52.64,Babolsar,2025-06-01,MASA,10.07378020183225
Mazandaran,2120.0,99357,36.2,51.8,Baladeh,2025-06-01,MASA,113.46644081966062
Mazandaran,-20.0,99306,36.86,53.39,Bandar-E-Amirabad,2025-06-01,MASA,11.639519714275792
Mazandaran,-10.0,99299,36.74,53.84,Galugah,2025-06-01,MASA,33.476635002056554
Mazandaran,14.7,40737,36.49,52.11,Gharakhil,2025-06-01,MASA,39.63097848788877
Mazandaran,1294.3,40760,36.25,53.55,Kiyasar,2025-06-01,MASA,54.800718211094335
Mazandaran,1550.0,99348,36.39,51.73,Kojur,2025-06-01,MASA,106.80554726020475
Mazandaran,-20.9,40734,36.66,51.47,Nowshahr,2025-06-01,MASA,21.563588761249974
Mazandaran,610.0,99360,36.1,53.06,Polsefid,2025-06-01,MASA,66.4907387723126
Mazandaran,-20.0,40732,36.9,50.68,Ramsar,2025-06-01,MASA,34.23803963557859
Mazandaran,23.0,40759,36.54,53.0,Sari,2025-06-01,MASA,21.690621160427526
Mazandaran,16.7,40788,36.64,53.2,Sari (Dasht-E-Naz Airport),2025-06-01,MASA,14.51311924354215
Mazandaran,1855.4,40735,36.23,51.3,Siahbisheh,2025-06-01,MASA,74.28336062328
Mazandaran,1805.0,99361,36.07,52.84,Alasht,2025-07-01,MASA,21.478749120429796
Mazandaran,23.7,99309,36.48,52.47,Amol,2025-07-01,MASA,32.12772985716228
Mazandaran,-21.0,40736,36.7,52.64,Babolsar,2025-07-01,MASA,8.427522385314745
Mazandaran,2120.0,99357,36.2,51.8,Baladeh,2025-07-01,MASA,121.91314181108837
Mazandaran,-20.0,99306,36.86,53.39,Bandar-E-Amirabad,2025-07-01,MASA,6.8506517054593985
Mazandaran,-10.0,99299,36.74,53.84,Galugah,2025-07-01,MASA,21.408192122176928
Mazandaran,14.7,40737,36.49,52.11,Gharakhil,2025-07-01,MASA,43.92149230261211
Mazandaran,1294.3,40760,36.25,53.55,Kiyasar,2025-07-01,MASA,38.62794419546489
Mazandaran,1550.0,99348,36.39,51.73,Kojur,2025-07-01,MASA,102.02857037802104
Mazandaran,-20.9,40734,36.66,51.47,Nowshahr,2025-07-01,MASA,42.766726815894884
Mazandaran,610.0,99360,36.1,53.06,Polsefid,2025-07-01,MASA,24.64809199591045
Mazandaran,-20.0,40732,36.9,50.68,Ramsar,2025-07-01,MASA,27.182868921951098
Mazandaran,23.0,40759,36.54,53.0,Sari,2025-07-01,MASA,21.869055235580248
Mazandaran,16.7,40788,36.64,53.2,Sari (Dasht-E-Naz Airport),2025-07-01,MASA,12.420675957397265
Mazandaran,1855.4,40735,36.23,51.3,Siahbisheh,2025-07-01,MASA,107.1352728249586
Mazandaran,1805.0,99361,36.07,52.84,Alasht,2025-08-01,MASA,33.08219543773916
Mazandaran,23.7,99309,36.48,52.47,Amol,2025-08-01,MASA,65.83390466053274
Mazandaran,-21.0,40736,36.7,52.64,Babolsar,2025-08-01,MASA,8.56783322174337
Mazandaran,2120.0,99357,36.2,51.8,Baladeh,2025-08-01,MASA,80.90523711521413
Mazandaran,-20.0,99306,36.86,53.39,Bandar-E-Amirabad,2025-08-01,MASA,7.255026019404198
Mazandaran,-10.0,99299,36.74,53.84,Galugah,2025-08-01,MASA,20.866238392184044
Mazandaran,14.7,40737,36.49,52.11,Gharakhil,2025-08-01,MASA,98.6970596678951
Mazandaran,1294.3,40760,36.25,53.55,Kiyasar,2025-08-01,MASA,45.27703753788259
Mazandaran,1550.0,99348,36.39,51.73,Kojur,2025-08-01,MASA,138.1575398810604
Mazandaran,-20.9,40734,36.66,51.47,Nowshahr,2025-08-01,MASA,79.18458513099935
Mazandaran,610.0,99360,36.1,53.06,Polsefid,2025-08-01,MASA,30.256249821970727
Mazandaran,-20.0,40732,36.9,50.68,Ramsar,2025-08-01,MASA,63.256435907671715
Mazandaran,23.0,40759,36.54,53.0,Sari,2025-08-01,MASA,39.183684504816796
Mazandaran,16.7,40788,36.64,53.2,Sari (Dasht-E-Naz Airport),2025-08-01,MASA,22.71888486225393
Mazandaran,1855.4,40735,36.23,51.3,Siahbisheh,2025-08-01,MASA,45.32986215431478
Mazandaran,1805.0,99361,36.07,52.84,Alasht,2025-09-01,MASA,150.43840978760414
Mazandaran,23.7,99309,36.48,52.47,Amol,2025-09-01,MASA,115.05718205589943
Mazandaran,-21.0,40736,36.7,52.64,Babolsar,2025-09-01,MASA,79.19756744522743
Mazandaran,2120.0,99357,36.2,51.8,Baladeh,2025-09-01,MASA,131.35505889076882
Mazandaran,-20.0,99306,36.86,53.39,Bandar-E-Amirabad,2025-09-01,MASA,48.62008665222817
Mazandaran,-10.0,99299,36.74,53.84,Galugah,2025-09-01,MASA,73.51672325749092
Mazandaran,14.7,40737,36.49,52.11,Gharakhil,2025-09-01,MASA,241.00222859997444
Mazandaran,1294.3,40760,36.25,53.55,Kiyasar,2025-09-01,MASA,65.21777485031777
Mazandaran,1550.0,99348,36.39,51.73,Kojur,2025-09-01,MASA,276.3028708519428
Mazandaran,-20.9,40734,36.66,51.47,Nowshahr,2025-09-01,MASA,217.4648014130085
Mazandaran,610.0,99360,36.1,53.06,Polsefid,2025-09-01,MASA,98.95737145561867
Mazandaran,-20.0,40732,36.9,50.68,Ramsar,2025-09-01,MASA,320.169251901099
Mazandaran,23.0,40759,36.54,53.0,Sari,2025-09-01,MASA,94.38530777115517
Mazandaran,16.7,40788,36.64,53.2,Sari (Dasht-E-Naz Airport),2025-09-01,MASA,66.98825631756478
Mazandaran,1855.4,40735,36.23,51.3,Siahbisheh,2025-09-01,MASA,81.31748114247017
Mazandaran,1805.0,99361,36.07,52.84,Alasht,2025-10-01,MASA,69.71146208973877
Mazandaran,23.7,99309,36.48,52.47,Amol,2025-10-01,MASA,89.08312810393326
Mazandaran,-21.0,40736,36.7,52.64,Babolsar,2025-10-01,MASA,41.001126596651005
Mazandaran,2120.0,99357,36.2,51.8,Baladeh,2025-10-01,MASA,40.60172332259171
Mazandaran,-20.0,99306,36.86,53.39,Bandar-E-Amirabad,2025-10-01,MASA,39.47084439726822
Mazandaran,-10.0,99299,36.74,53.84,Galugah,2025-10-01,MASA,52.499227652273106
Mazandaran,14.7,40737,36.49,52.11,Gharakhil,2025-10-01,MASA,148.2977722379779
Mazandaran,1294.3,40760,36.25,53.55,Kiyasar,2025-10-01,MASA,37.82837135525696
Mazandaran,1550.0,99348,36.39,51.73,Kojur,2025-10-01,MASA,101.48704839678757
Mazandaran,-20.9,40734,36.66,51.47,Nowshahr,2025-10-01,MASA,123.29144818516724
Mazandaran,610.0,99360,36.1,53.06,Polsefid,2025-10-01,MASA,45.46801788540833
Mazandaran,-20.0,40732,36.9,50.68,Ramsar,2025-10-01,MASA,145.56612117024414
Mazandaran,23.0,40759,36.54,53.0,Sari,2025-10-01,MASA,62.40999741288178
Mazandaran,16.7,40788,36.64,53.2,Sari (Dasht-E-Naz Airport),2025-10-01,MASA,47.76889128418915
Mazandaran,1855.4,40735,36.23,51.3,Siahbisheh,2025-10-01,MASA,23.06646896334641
